HAND-WIN%-TOTALWINS-TOTALLOSS-TOTALDRAWS
['1414', 85.36, 7763, 1331, 0]
['1313', 80.93, 7416, 1747, 0]
['1212', 78.8, 7205, 1938, 0]
['1111', 77.13, 6952, 2061, 0]
['1010', 74.33, 6685, 2309, 0]
['0909', 71.29, 6434, 2591, 0]
['0808', 68.76, 6177, 2807, 0]
['1314s', 67.05, 4086, 2008, 0]
['1214s', 66.57, 4051, 2034, 0]
['1114s', 65.64, 3983, 2085, 0]
['1314', 65.01, 11862, 6385, 0]
['0707', 64.8, 5780, 3140, 0]
['1214', 64.63, 11740, 6425, 0]
['1014s', 64.1, 3927, 2199, 0]
['0914s', 63.53, 3825, 2196, 0]
['1114', 63.46, 11501, 6621, 0]
['1014', 63.07, 11283, 6607, 0]
['1213s', 62.97, 3778, 2222, 0]
['1113s', 62.29, 3850, 2331, 0]
['0606', 62.28, 5620, 3404, 0]
['0814s', 62.07, 3806, 2326, 0]
['1213', 61.51, 11187, 6999, 0]
['0714s', 61.1, 3693, 2351, 0]
['1013s', 61.07, 3736, 2382, 0]
['1112s', 60.99, 3657, 2339, 0]
['1113', 60.51, 10980, 7165, 0]
['0914', 60.32, 10948, 7202, 0]
['0614s', 60.17, 3665, 2426, 0]
['0814', 60.07, 10830, 7200, 0]
['1013', 59.66, 10707, 7239, 0]
['0913s', 59.64, 3667, 2482, 0]
['1012s', 59.54, 3624, 2463, 0]
['0505', 59.51, 5347, 3638, 0]
['0714', 59.25, 10751, 7394, 0]
['0414s', 59.04, 3623, 2513, 0]
['1011s', 58.66, 3569, 2515, 0]
['0813s', 58.55, 3582, 2536, 0]
['0314s', 58.38, 3490, 2488, 0]
['1112', 58.22, 10511, 7542, 0]
['0514s', 58.14, 3556, 2560, 0]
['0913', 57.96, 10396, 7542, 0]
['0912s', 57.82, 3447, 2515, 0]
['0614', 57.69, 10472, 7679, 0]
['0514', 57.55, 10396, 7668, 0]
['0713s', 57.34, 3478, 2588, 0]
['0214s', 57.24, 3514, 2625, 0]
['0414', 57.23, 10328, 7719, 0]
['0613s', 57.22, 3407, 2547, 0]
['1012', 57.15, 10421, 7815, 0]
['0513s', 56.55, 3439, 2642, 0]
['0911s', 56.12, 3394, 2654, 0]
['0812s', 56.07, 3327, 2607, 0]
['0214', 56.03, 10142, 7960, 0]
['0314', 55.89, 10095, 7967, 0]
['0813', 55.85, 10082, 7969, 0]
['0404', 55.72, 5014, 3984, 0]
['1011', 55.56, 10001, 7998, 0]
['0912', 55.44, 9932, 7984, 0]
['0713', 55.12, 9967, 8114, 0]
['0313s', 54.74, 3344, 2765, 0]
['0712s', 54.74, 3338, 2760, 0]
['0910s', 54.38, 3287, 2758, 0]
['0811s', 54.28, 3193, 2689, 0]
['0613', 53.76, 9653, 8303, 0]
['0911', 53.7, 9853, 8496, 0]
['0612s', 53.65, 3224, 2785, 0]
['0812', 53.54, 9721, 8436, 0]
['0413s', 53.51, 3255, 2828, 0]
['0512s', 53.28, 3277, 2874, 0]
['0513', 53.08, 9499, 8397, 0]
['0711s', 52.71, 3185, 2858, 0]
['0810s', 52.62, 3193, 2875, 0]
['0303', 52.38, 4724, 4295, 0]
['0213s', 52.16, 3112, 2854, 0]
['0412s', 52.1, 3121, 2869, 0]
['0413', 52.0, 9396, 8674, 0]
['0910', 51.83, 9253, 8601, 0]
['0811', 51.81, 9374, 8718, 0]
['0712', 51.76, 9385, 8746, 0]
['0313', 51.67, 9409, 8802, 0]
['0612', 50.79, 9181, 8895, 0]
['0809s', 50.78, 3036, 2943, 0]
['0512', 50.75, 9179, 8908, 0]
['0213', 50.66, 9287, 9046, 0]
['0212s', 50.4, 3015, 2967, 0]
['0710s', 50.36, 3046, 3002, 0]
['0709s', 50.28, 3024, 2990, 0]
['0611s', 50.21, 3040, 3015, 0]
['0312s', 50.14, 3061, 3044, 0]
['0511s', 50.13, 3007, 2991, 0]
['0810', 49.72, 8932, 9032, 0]
['0711', 49.27, 8924, 9190, 0]
['0412', 48.88, 8739, 9138, 0]
['0610s', 48.72, 2903, 3056, 0]
['0411s', 48.47, 2908, 3091, 0]
['0510s', 48.36, 2949, 3149, 0]
['0202', 48.35, 4320, 4615, 0]
['0611', 48.35, 8743, 9339, 0]
['0311s', 48.1, 2932, 3164, 0]
['0710', 48.08, 8748, 9446, 0]
['0211s', 47.87, 2938, 3200, 0]
['0312', 47.79, 8540, 9328, 0]
['0708s', 47.71, 2848, 3122, 0]
['0809', 47.61, 8718, 9593, 0]
['0609s', 47.31, 2838, 3161, 0]
['0511', 47.27, 8577, 9568, 0]
['0709', 46.67, 8602, 9829, 0]
['0411', 46.44, 8417, 9708, 0]
['0212', 46.43, 8438, 9736, 0]
['0410s', 46.18, 2790, 3252, 0]
['0610', 45.97, 8296, 9751, 0]
['0608s', 45.94, 2769, 3258, 0]
['0509s', 45.89, 2768, 3264, 0]
['0311', 45.57, 8246, 9850, 0]
['0609', 45.32, 8229, 9927, 0]
['0310s', 45.17, 2734, 3319, 0]
['0607s', 45.15, 2676, 3251, 0]
['0708', 45.11, 8091, 9846, 0]
['0211', 44.61, 8041, 9983, 0]
['0409s', 44.07, 2586, 3282, 0]
['0508s', 43.9, 2606, 3330, 0]
['0210s', 43.85, 2674, 3424, 0]
['0408s', 43.84, 2657, 3403, 0]
['0507s', 43.83, 2635, 3377, 0]
['0410', 43.8, 7859, 10083, 0]
['0510', 43.57, 7890, 10217, 0]
['0506s', 43.48, 2622, 3409, 0]
['0608', 43.13, 7779, 10257, 0]
['0309s', 43.03, 2570, 3403, 0]
['0607', 43.02, 7772, 10295, 0]
['0209s', 42.92, 2569, 3417, 0]
['0509', 42.28, 7646, 10440, 0]
['0310', 42.19, 7567, 10367, 0]
['0308s', 42.15, 2584, 3547, 0]
['0508', 41.94, 7618, 10547, 0]
['0405s', 41.7, 2534, 3543, 0]
['0210', 41.6, 7479, 10501, 0]
['0407s', 41.42, 2509, 3548, 0]
['0507', 41.2, 7429, 10601, 0]
['0406s', 41.1, 2511, 3598, 0]
['0409', 40.96, 7322, 10552, 0]
['0506', 40.86, 7475, 10820, 0]
['0306s', 40.31, 2439, 3611, 0]
['0309', 40.12, 7213, 10767, 0]
['0208s', 39.65, 2395, 3645, 0]
['0304s', 39.64, 2384, 3630, 0]
['0408', 39.53, 7259, 11103, 0]
['0307s', 39.39, 2392, 3681, 0]
['0305s', 39.36, 2349, 3619, 0]
['0209', 39.09, 7084, 11040, 0]
['0206s', 38.85, 2389, 3761, 0]
['0405', 38.52, 7006, 11182, 0]
['0204s', 37.84, 2310, 3794, 0]
['0308', 37.72, 6808, 11243, 0]
['0407', 37.71, 6815, 11258, 0]
['0406', 37.46, 6796, 11348, 0]
['0207s', 37.33, 2264, 3801, 0]
['0208', 37.25, 6724, 11329, 0]
['0205s', 37.19, 2267, 3829, 0]
['0305', 36.25, 6560, 11535, 0]
['0307', 36.24, 6562, 11546, 0]
['0306', 35.95, 6547, 11666, 0]
['0203s', 35.7, 2215, 3990, 0]
['0304', 34.91, 6253, 11660, 0]
['0207', 34.77, 6327, 11870, 0]
['0206', 34.7, 6297, 11850, 0]
['0205', 34.5, 6208, 11788, 0]
['0204', 33.04, 5947, 12050, 0]
['0203', 32.29, 5872, 12315, 0]
