HAND-WIN%-TOTALWINS-TOTALLOSS-TOTALDRAWS
['1414', 85.0, 7698, 1358, 0]
['1313', 81.07, 7338, 1713, 0]
['1212', 79.01, 7196, 1912, 0]
['1111', 76.22, 6845, 2136, 0]
['1010', 73.31, 6602, 2404, 0]
['0909', 70.86, 6372, 2621, 0]
['0808', 67.69, 6076, 2900, 0]
['1314s', 67.56, 4150, 1993, 0]
['1114s', 66.2, 4081, 2084, 0]
['1314', 65.75, 11829, 6162, 0]
['1214s', 65.55, 4022, 2114, 0]
['1014s', 65.36, 3833, 2031, 0]
['0707', 64.58, 5836, 3201, 0]
['1214', 64.37, 11678, 6464, 0]
['1213s', 64.12, 3867, 2164, 0]
['1114', 63.64, 11471, 6554, 0]
['1014', 63.04, 11377, 6669, 0]
['0914s', 62.84, 3804, 2249, 0]
['1013s', 62.71, 3853, 2291, 0]
['1213', 62.34, 11241, 6790, 0]
['1113s', 61.7, 3759, 2333, 0]
['0814s', 61.68, 3674, 2283, 0]
['0606', 61.42, 5614, 3526, 0]
['0914', 60.95, 11053, 7081, 0]
['1112s', 60.63, 3715, 2412, 0]
['0614s', 60.51, 3645, 2379, 0]
['1012s', 60.29, 3598, 2370, 0]
['1113', 60.22, 10950, 7233, 0]
['0514s', 60.14, 3564, 2362, 0]
['0913s', 60.08, 3689, 2451, 0]
['0814', 59.75, 10775, 7258, 0]
['0505', 59.49, 5360, 3650, 0]
['1013', 59.43, 10572, 7217, 0]
['0714s', 59.29, 3656, 2510, 0]
['0714', 58.92, 10671, 7439, 0]
['0314s', 58.79, 3428, 2403, 0]
['0414s', 58.56, 3497, 2475, 0]
['1112', 58.56, 10637, 7528, 0]
['1011s', 58.48, 3455, 2453, 0]
['0913', 58.45, 10524, 7480, 0]
['0514', 57.94, 10508, 7628, 0]
['0614', 57.9, 10531, 7658, 0]
['0214s', 57.82, 3568, 2603, 0]
['0813s', 57.82, 3431, 2503, 0]
['0713s', 57.19, 3470, 2598, 0]
['1012', 57.13, 10358, 7771, 0]
['0513s', 57.02, 3384, 2551, 0]
['0912s', 57.0, 3440, 2595, 0]
['0414', 56.79, 10360, 7882, 0]
['0813', 56.61, 10151, 7782, 0]
['0613s', 56.6, 3476, 2665, 0]
['0812s', 56.31, 3384, 2626, 0]
['0314', 56.06, 10224, 8014, 0]
['0404', 55.93, 5035, 3967, 0]
['0413s', 55.57, 3346, 2675, 0]
['0912', 55.28, 10079, 8152, 0]
['0713', 55.17, 9892, 8037, 0]
['0911s', 54.85, 3328, 2739, 0]
['0613', 54.4, 9983, 8367, 0]
['0214', 54.29, 9719, 8182, 0]
['0313s', 54.28, 3255, 2742, 0]
['0811s', 54.23, 3298, 2783, 0]
['1011', 54.23, 9793, 8265, 0]
['0910s', 54.06, 3273, 2781, 0]
['0712s', 54.05, 3305, 2810, 0]
['0512s', 53.99, 3268, 2785, 0]
['0213s', 53.7, 3247, 2800, 0]
['0911', 53.44, 9697, 8449, 0]
['0513', 53.39, 9633, 8410, 0]
['0812', 53.38, 9663, 8440, 0]
['0612s', 52.56, 3260, 2943, 0]
['0413', 52.54, 9479, 8563, 0]
['0303', 52.4, 4784, 4346, 0]
['0712', 52.19, 9412, 8622, 0]
['0412s', 52.09, 3113, 2863, 0]
['0810s', 52.03, 3179, 2931, 0]
['0711s', 51.64, 3155, 2955, 0]
['0313', 51.59, 9472, 8889, 0]
['0811', 51.52, 9296, 8749, 0]
['0312s', 51.38, 3022, 2860, 0]
['0612', 51.34, 9336, 8849, 0]
['0910', 51.18, 9256, 8829, 0]
['0212s', 50.83, 3040, 2941, 0]
['0213', 50.65, 9163, 8927, 0]
['0611s', 50.59, 3074, 3002, 0]
['0512', 50.16, 9087, 9029, 0]
['0809s', 50.09, 2999, 2988, 0]
['0202', 50.03, 4565, 4560, 0]
['0711', 49.91, 9211, 9244, 0]
['0810', 49.84, 8916, 8974, 0]
['0411s', 49.43, 2933, 3001, 0]
['0710s', 49.43, 2997, 3066, 0]
['0511s', 49.03, 3000, 3119, 0]
['0412', 48.81, 8865, 9296, 0]
['0611', 48.71, 8866, 9337, 0]
['0809', 48.42, 8900, 9482, 0]
['0709s', 48.4, 2912, 3105, 0]
['0609s', 48.3, 2914, 3119, 0]
['0610s', 48.08, 2876, 3106, 0]
['0311s', 48.06, 2898, 3132, 0]
['0710', 48.04, 8696, 9404, 0]
['0312', 48.01, 8623, 9336, 0]
['0212', 47.91, 8637, 9390, 0]
['0510s', 47.9, 2864, 3115, 0]
['0211s', 47.31, 2888, 3216, 0]
['0708s', 47.02, 2852, 3214, 0]
['0608s', 46.61, 2767, 3169, 0]
['0511', 46.58, 8368, 9596, 0]
['0709', 46.49, 8457, 9733, 0]
['0610', 46.24, 8296, 9646, 0]
['0411', 46.11, 8301, 9702, 0]
['0410s', 45.88, 2700, 3185, 0]
['0310s', 45.76, 2831, 3356, 0]
['0607s', 45.72, 2732, 3243, 0]
['0311', 45.13, 8192, 9959, 0]
['0509s', 45.04, 2761, 3369, 0]
['0708', 45.01, 8154, 9960, 0]
['0210s', 44.68, 2722, 3370, 0]
['0609', 44.51, 8062, 10051, 0]
['0211', 44.4, 8087, 10128, 0]
['0409s', 44.35, 2647, 3321, 0]
['0508s', 44.25, 2707, 3411, 0]
['0510', 44.01, 7870, 10013, 0]
['0309s', 43.85, 2665, 3413, 0]
['0410', 43.67, 7874, 10155, 0]
['0507s', 43.51, 2640, 3428, 0]
['0608', 43.42, 7877, 10263, 0]
['0506s', 42.52, 2611, 3529, 0]
['0408s', 42.51, 2581, 3490, 0]
['0509', 42.44, 7703, 10447, 0]
['0310', 42.33, 7711, 10504, 0]
['0407s', 41.97, 2528, 3496, 0]
['0209s', 41.9, 2531, 3509, 0]
['0508', 41.89, 7607, 10551, 0]
['0210', 41.86, 7555, 10495, 0]
['0607', 41.84, 7475, 10389, 0]
['0308s', 41.46, 2523, 3563, 0]
['0405s', 41.41, 2542, 3597, 0]
['0409', 41.11, 7468, 10696, 0]
['0406s', 40.77, 2444, 3551, 0]
['0507', 40.75, 7344, 10677, 0]
['0309', 40.18, 7219, 10748, 0]
['0305s', 40.16, 2473, 3685, 0]
['0506', 39.85, 7192, 10854, 0]
['0408', 39.73, 7251, 10999, 0]
['0208s', 39.35, 2416, 3723, 0]
['0307s', 39.34, 2343, 3613, 0]
['0304s', 39.3, 2336, 3608, 0]
['0306s', 39.08, 2399, 3739, 0]
['0407', 38.87, 7097, 11160, 0]
['0209', 38.73, 6948, 10993, 0]
['0406', 38.66, 6939, 11010, 0]
['0207s', 38.51, 2297, 3668, 0]
['0405', 38.38, 6854, 11004, 0]
['0308', 37.92, 6831, 11183, 0]
['0205s', 37.35, 2262, 3795, 0]
['0204s', 36.9, 2237, 3825, 0]
['0206s', 36.76, 2165, 3725, 0]
['0208', 36.6, 6663, 11543, 0]
['0305', 36.46, 6522, 11364, 0]
['0307', 36.45, 6681, 11648, 0]
['0306', 36.06, 6533, 11583, 0]
['0304', 35.66, 6368, 11489, 0]
['0203s', 35.53, 2168, 3934, 0]
['0207', 34.97, 6331, 11771, 0]
['0205', 34.36, 6284, 12007, 0]
['0206', 34.24, 6169, 11846, 0]
['0204', 33.96, 6154, 11965, 0]
['0203', 32.68, 5891, 12138, 0]
