3
2.99
2.9800000000000004
2.9700000000000006
2.960000000000001
2.950000000000001
2.9400000000000013
2.9300000000000015
2.9200000000000017
2.910000000000002
2.900000000000002
2.8900000000000023
2.8800000000000026
2.8700000000000028
2.860000000000003
2.850000000000003
2.8400000000000034
2.8300000000000036
2.820000000000004
2.810000000000004
2.8000000000000043
2.7900000000000045
2.7800000000000047
2.770000000000005
2.760000000000005
2.7500000000000053
2.7400000000000055
2.7300000000000058
2.720000000000006
2.710000000000006
2.720000000000006
2.710000000000006
2.720000000000006
2.710000000000006
2.720000000000006
2.710000000000006
2.720000000000006
2.710000000000006
2.720000000000006
2.710000000000006
2.720000000000006
2.710000000000006
2.720000000000006
2.710000000000006
2.720000000000006
2.710000000000006
2.720000000000006
2.710000000000006
2.720000000000006
2.710000000000006
2.720000000000006
2.710000000000006
2.720000000000006
2.710000000000006
2.720000000000006
2.710000000000006
2.720000000000006
2.710000000000006
2.720000000000006
2.710000000000006
2.720000000000006