3
2.989797
2.9795939999999996
2.9693909999999994
2.9591879999999993
2.948984999999999
2.938781999999999
2.9285789999999987
2.9183759999999985
2.9081729999999983
2.897969999999998
2.887766999999998
2.877563999999998
2.8673609999999976
2.8571579999999974
2.8469549999999972
2.836751999999997
2.826548999999997
2.8163459999999967
2.8061429999999965
2.7959399999999963
2.785736999999996
2.775533999999996
2.7653309999999958
2.7551279999999956
2.7449249999999954
2.734721999999995
2.724518999999995
2.714315999999995
2.724518999999995