3
2.9999
2.9997999999999996
2.9996999999999994
2.999599999999999
2.999499999999999
2.9993999999999987
2.9992999999999985
2.9991999999999983
2.999099999999998
2.998999999999998
2.9988999999999977
2.9987999999999975
2.9986999999999973
2.998599999999997
2.998499999999997
2.9983999999999966
2.9982999999999964
2.998199999999996
2.998099999999996
2.997999999999996
2.9978999999999956
2.9977999999999954
2.997699999999995
2.997599999999995
2.9974999999999947
2.9973999999999945
2.9972999999999943
2.997199999999994
2.997099999999994
2.9969999999999937
2.9968999999999935
2.9967999999999932
2.996699999999993
2.996599999999993
2.9964999999999926
2.9963999999999924
2.996299999999992
2.996199999999992
2.9960999999999918
2.9959999999999916
2.9958999999999913
2.995799999999991
2.995699999999991
2.9955999999999907
2.9954999999999905
2.9953999999999903
2.99529999999999
2.99519999999999
2.9950999999999897
2.9949999999999894
2.9948999999999892
2.994799999999989
2.994699999999989
2.9945999999999886
2.9944999999999884
2.994399999999988
2.994299999999988
2.9941999999999878
2.9940999999999875
2.9939999999999873
2.993899999999987
2.993799999999987
2.9936999999999867
2.9935999999999865
2.9934999999999863
2.993399999999986
2.993299999999986
2.9931999999999856
2.9930999999999854
2.9929999999999852
2.992899999999985
2.992799999999985
2.9926999999999846
2.9925999999999844
2.992499999999984
2.992399999999984
2.9922999999999838
2.9921999999999835
2.9920999999999833
2.991999999999983
2.991899999999983
2.9917999999999827
2.9916999999999825
2.9915999999999823
2.991499999999982
2.991399999999982
2.9912999999999816
2.9911999999999814
2.991099999999981
2.990999999999981
2.990899999999981
2.9907999999999806
2.9906999999999804
2.99059999999998
2.99049999999998
2.9903999999999797
2.9902999999999795
2.9901999999999793
2.990099999999979
2.989999999999979
2.9898999999999787
2.9897999999999785
2.9896999999999783
2.989599999999978
2.989499999999978
2.9893999999999776
2.9892999999999774
2.989199999999977
2.989099999999977
2.988999999999977
2.9888999999999766
2.9887999999999764
2.988699999999976
2.988599999999976
2.9884999999999757
2.9883999999999755
2.9882999999999753
2.988199999999975
2.988099999999975
2.9879999999999747
2.9878999999999745
2.9877999999999743
2.987699999999974
2.987599999999974
2.9874999999999736
2.9873999999999734
2.987299999999973
2.987199999999973
2.9870999999999728
2.9869999999999726
2.9868999999999724
2.986799999999972
2.986699999999972
2.9865999999999717
2.9864999999999715
2.9863999999999713
2.986299999999971
2.986199999999971
2.9860999999999707
2.9859999999999705
2.9858999999999702
2.98579999999997
2.98569999999997
2.9855999999999696
2.9854999999999694
2.985399999999969
2.985299999999969
2.9851999999999688
2.9850999999999686
2.9849999999999683
2.984899999999968
2.984799999999968
2.9846999999999677
2.9845999999999675
2.9844999999999673
2.984399999999967
2.984299999999967
2.9841999999999667
2.9840999999999664
2.9839999999999662
2.983899999999966
2.983799999999966
2.9836999999999656
2.9835999999999654
2.983499999999965
2.983399999999965
2.9832999999999648
2.9831999999999645
2.9830999999999643
2.982999999999964
2.982899999999964
2.9827999999999637
2.9826999999999635
2.9825999999999633
2.982499999999963
2.982399999999963
2.9822999999999626
2.9821999999999624
2.9820999999999622
2.981999999999962
2.981899999999962
2.9817999999999616
2.9816999999999614
2.981599999999961
2.981499999999961
2.9813999999999607
2.9812999999999605
2.9811999999999603
2.98109999999996
2.98099999999996
2.9808999999999597
2.9807999999999595
2.9806999999999593
2.980599999999959
2.980499999999959
2.9803999999999586
2.9802999999999584
2.980199999999958
2.980099999999958
2.979999999999958
2.9798999999999576
2.9797999999999574
2.979699999999957
2.979599999999957
2.9794999999999567
2.9793999999999565
2.9792999999999563
2.979199999999956
2.979099999999956
2.9789999999999557
2.9788999999999555
2.9787999999999553
2.978699999999955
2.978599999999955
2.9784999999999546
2.9783999999999544
2.978299999999954
2.978199999999954
2.978099999999954
2.9779999999999536
2.9778999999999534
2.977799999999953
2.977699999999953
2.9775999999999527
2.9774999999999525
2.9773999999999523
2.977299999999952
2.977199999999952
2.9770999999999517
2.9769999999999515
2.9768999999999513
2.976799999999951
2.976699999999951
2.9765999999999506
2.9764999999999504
2.97639999999995
2.97629999999995
2.9761999999999498
2.9760999999999496
2.9759999999999494
2.975899999999949
2.975799999999949
2.9756999999999487
2.9755999999999485
2.9754999999999483
2.975399999999948
2.975299999999948
2.9751999999999477
2.9750999999999475
2.9749999999999472
2.974899999999947
2.974799999999947
2.9746999999999466
2.9745999999999464
2.974499999999946
2.974399999999946
2.9742999999999458
2.9741999999999456
2.9740999999999453
2.973999999999945
2.973899999999945
2.9737999999999447
2.9736999999999445
2.9735999999999443
2.973499999999944
2.973399999999944
2.9732999999999437
2.9731999999999434
2.9730999999999432
2.972999999999943
2.972899999999943
2.9727999999999426
2.9726999999999424
2.972599999999942
2.972499999999942
2.9723999999999418
2.9722999999999415
2.9721999999999413
2.972099999999941
2.971999999999941
2.9718999999999407
2.9717999999999405
2.9716999999999403
2.97159999999994
2.97149999999994
2.9713999999999396
2.9712999999999394
2.9711999999999392
2.971099999999939
2.970999999999939
2.9708999999999386
2.9707999999999384
2.970699999999938
2.970599999999938
2.9704999999999377
2.9703999999999375
2.9702999999999373
2.970199999999937
2.970099999999937
2.9699999999999367
2.9698999999999365
2.9697999999999363
2.969699999999936
2.969599999999936
2.9694999999999356
2.9693999999999354
2.969299999999935
2.969199999999935
2.969099999999935
2.9689999999999346
2.9688999999999344
2.968799999999934
2.968699999999934
2.9685999999999337
2.9684999999999335
2.9683999999999333
2.968299999999933
2.968199999999933
2.9680999999999327
2.9679999999999325
2.9678999999999323
2.967799999999932
2.967699999999932
2.9675999999999316
2.9674999999999314
2.967399999999931
2.967299999999931
2.967199999999931
2.9670999999999306
2.9669999999999304
2.96689999999993
2.96679999999993
2.9666999999999297
2.9665999999999295
2.9664999999999293
2.966399999999929
2.966299999999929
2.9661999999999287
2.9660999999999285
2.9659999999999282
2.965899999999928
2.965799999999928
2.9656999999999276
2.9655999999999274
2.965499999999927
2.965399999999927
2.9652999999999268
2.9651999999999266
2.9650999999999264
2.964999999999926
2.964899999999926
2.9647999999999257
2.9646999999999255
2.9645999999999253
2.964499999999925
2.964399999999925
2.9642999999999247
2.9641999999999245
2.9640999999999242
2.963999999999924
2.963899999999924
2.9637999999999236
2.9636999999999234
2.963599999999923
2.963499999999923
2.9633999999999228
2.9632999999999226
2.9631999999999223
2.963099999999922
2.962999999999922
2.9628999999999217
2.9627999999999215
2.9626999999999213
2.962599999999921
2.962499999999921
2.9623999999999207
2.9622999999999204
2.9621999999999202
2.96209999999992
2.96199999999992
2.9618999999999196
2.9617999999999194
2.961699999999919
2.961599999999919
2.9614999999999188
2.9613999999999185
2.9612999999999183
2.961199999999918
2.961099999999918
2.9609999999999177
2.9608999999999175
2.9607999999999173
2.960699999999917
2.960599999999917
2.9604999999999166
2.9603999999999164
2.960299999999916
2.960199999999916
2.960099999999916
2.9599999999999156
2.9598999999999154
2.959799999999915
2.959699999999915
2.9595999999999147
2.9594999999999145
2.9593999999999143
2.959299999999914
2.959199999999914
2.9590999999999137
2.9589999999999135
2.9588999999999133
2.958799999999913
2.958699999999913
2.9585999999999126
2.9584999999999124
2.958399999999912
2.958299999999912
2.958199999999912
2.9580999999999116
2.9579999999999114
2.957899999999911
2.957799999999911
2.9576999999999107
2.9575999999999105
2.9574999999999103
2.95739999999991
2.95729999999991
2.9571999999999097
2.9570999999999095
2.9569999999999093
2.956899999999909
2.956799999999909
2.9566999999999086
2.9565999999999084
2.956499999999908
2.956399999999908
2.956299999999908
2.9561999999999076
2.9560999999999074
2.955999999999907
2.955899999999907
2.9557999999999067
2.9556999999999065
2.9555999999999063
2.955499999999906
2.955399999999906
2.9552999999999057
2.9551999999999055
2.9550999999999052
2.954999999999905
2.954899999999905
2.9547999999999046
2.9546999999999044
2.954599999999904
2.954499999999904
2.9543999999999038
2.9542999999999036
2.9541999999999033
2.954099999999903
2.953999999999903
2.9538999999999027
2.9537999999999025
2.9536999999999023
2.953599999999902
2.953499999999902
2.9533999999999017
2.9532999999999014
2.9531999999999012
2.953099999999901
2.952999999999901
2.9528999999999006
2.9527999999999004
2.9526999999999
2.9525999999999
2.9524999999998998
2.9523999999998995
2.9522999999998993
2.952199999999899
2.952099999999899
2.9519999999998987
2.9518999999998985
2.9517999999998983
2.951699999999898
2.951599999999898
2.9514999999998976
2.9513999999998974
2.9512999999998972
2.951199999999897
2.951099999999897
2.9509999999998966
2.9508999999998964
2.950799999999896
2.950699999999896
2.9505999999998958
2.9504999999998955
2.9503999999998953
2.950299999999895
2.950199999999895
2.9500999999998947
2.9499999999998945
2.9498999999998943
2.949799999999894
2.949699999999894
2.9495999999998936
2.9494999999998934
2.949399999999893
2.949299999999893
2.949199999999893
2.9490999999998926
2.9489999999998924
2.948899999999892
2.948799999999892
2.9486999999998917
2.9485999999998915
2.9484999999998913
2.948399999999891
2.948299999999891
2.9481999999998907
2.9480999999998905
2.9479999999998903
2.94789999999989
2.94779999999989
2.9476999999998896
2.9475999999998894
2.947499999999889
2.947399999999889
2.947299999999889
2.9471999999998886
2.9470999999998884
2.946999999999888
2.946899999999888
2.9467999999998877
2.9466999999998875
2.9465999999998873
2.946499999999887
2.946399999999887
2.9462999999998867
2.9461999999998865
2.9460999999998863
2.945999999999886
2.945899999999886
2.9457999999998856
2.9456999999998854
2.945599999999885
2.945499999999885
2.9453999999998848
2.9452999999998846
2.9451999999998844
2.945099999999884
2.944999999999884
2.9448999999998837
2.9447999999998835
2.9446999999998833
2.944599999999883
2.944499999999883
2.9443999999998827
2.9442999999998825
2.9441999999998822
2.944099999999882
2.943999999999882
2.9438999999998816
2.9437999999998814
2.943699999999881
2.943599999999881
2.9434999999998808
2.9433999999998806
2.9432999999998803
2.94319999999988
2.94309999999988
2.9429999999998797
2.9428999999998795
2.9427999999998793
2.942699999999879
2.942599999999879
2.9424999999998787
2.9423999999998784
2.9422999999998782
2.942199999999878
2.942099999999878
2.9419999999998776
2.9418999999998774
2.941799999999877
2.941699999999877
2.9415999999998768
2.9414999999998765
2.9413999999998763
2.941299999999876
2.941199999999876
2.9410999999998757
2.9409999999998755
2.9408999999998753
2.940799999999875
2.940699999999875
2.9405999999998746
2.9404999999998744
2.9403999999998742
2.940299999999874
2.940199999999874
2.9400999999998736
2.9399999999998734
2.939899999999873
2.939799999999873
2.9396999999998727
2.9395999999998725
2.9394999999998723
2.939399999999872
2.939299999999872
2.9391999999998717
2.9390999999998715
2.9389999999998713
2.938899999999871
2.938799999999871
2.9386999999998706
2.9385999999998704
2.93849999999987
2.93839999999987
2.93829999999987
2.9381999999998696
2.9380999999998694
2.937999999999869
2.937899999999869
2.9377999999998687
2.9376999999998685
2.9375999999998683
2.937499999999868
2.937399999999868
2.9372999999998677
2.9371999999998675
2.9370999999998673
2.936999999999867
2.936899999999867
2.9367999999998666
2.9366999999998664
2.936599999999866
2.936499999999866
2.936399999999866
2.9362999999998656
2.9361999999998654
2.936099999999865
2.935999999999865
2.9358999999998647
2.9357999999998645
2.9356999999998643
2.935599999999864
2.935499999999864
2.9353999999998637
2.9352999999998635
2.9351999999998633
2.935099999999863
2.934999999999863
2.9348999999998626
2.9347999999998624
2.934699999999862
2.934599999999862
2.9344999999998618
2.9343999999998616
2.9342999999998614
2.934199999999861
2.934099999999861
2.9339999999998607
2.9338999999998605
2.9337999999998603
2.93369999999986
2.93359999999986
2.9334999999998597
2.9333999999998595
2.9332999999998592
2.933199999999859
2.933099999999859
2.9329999999998586
2.9328999999998584
2.932799999999858
2.932699999999858
2.9325999999998578
2.9324999999998576
2.9323999999998573
2.932299999999857
2.932199999999857
2.9320999999998567
2.9319999999998565
2.9318999999998563
2.931799999999856
2.931699999999856
2.9315999999998557
2.9314999999998554
2.9313999999998552
2.931299999999855
2.931199999999855
2.9310999999998546
2.9309999999998544
2.930899999999854
2.930799999999854
2.9306999999998538
2.9305999999998535
2.9304999999998533
2.930399999999853
2.930299999999853
2.9301999999998527
2.9300999999998525
2.9299999999998523
2.929899999999852
2.929799999999852
2.9296999999998516
2.9295999999998514
2.9294999999998512
2.929399999999851
2.929299999999851
2.9291999999998506
2.9290999999998504
2.92899999999985
2.92889999999985
2.9287999999998497
2.9286999999998495
2.9285999999998493
2.928499999999849
2.928399999999849
2.9282999999998487
2.9281999999998485
2.9280999999998483
2.927999999999848
2.927899999999848
2.9277999999998476
2.9276999999998474
2.927599999999847
2.927499999999847
2.927399999999847
2.9272999999998466
2.9271999999998464
2.927099999999846
2.926999999999846
2.9268999999998457
2.9267999999998455
2.9266999999998453
2.926599999999845
2.926499999999845
2.9263999999998447
2.9262999999998445
2.9261999999998443
2.926099999999844
2.925999999999844
2.9258999999998436
2.9257999999998434
2.925699999999843
2.925599999999843
2.925499999999843
2.9253999999998426
2.9252999999998424
2.925199999999842
2.925099999999842
2.9249999999998417
2.9248999999998415
2.9247999999998413
2.924699999999841
2.924599999999841
2.9244999999998407
2.9243999999998405
2.9242999999998402
2.92419999999984
2.92409999999984
2.9239999999998396
2.9238999999998394
2.923799999999839
2.923699999999839
2.9235999999998388
2.9234999999998386
2.9233999999998384
2.923299999999838
2.923199999999838
2.9230999999998377
2.9229999999998375
2.9228999999998373
2.922799999999837
2.922699999999837
2.9225999999998367
2.9224999999998365
2.9223999999998362
2.922299999999836
2.922199999999836
2.9220999999998356
2.9219999999998354
2.921899999999835
2.921799999999835
2.9216999999998348
2.9215999999998346
2.9214999999998343
2.921399999999834
2.921299999999834
2.9211999999998337
2.9210999999998335
2.9209999999998333
2.920899999999833
2.920799999999833
2.9206999999998327
2.9205999999998324
2.9204999999998322
2.920399999999832
2.920299999999832
2.9201999999998316
2.9200999999998314
2.919999999999831
2.919899999999831
2.9197999999998308
2.9196999999998305
2.9195999999998303
2.91949999999983
2.91939999999983
2.9192999999998297
2.9191999999998295
2.9190999999998293
2.918999999999829
2.918899999999829
2.9187999999998286
2.9186999999998284
2.918599999999828
2.918499999999828
2.918399999999828
2.9182999999998276
2.9181999999998274
2.918099999999827
2.917999999999827
2.9178999999998267
2.9177999999998265
2.9176999999998263
2.917599999999826
2.917499999999826
2.9173999999998257
2.9172999999998255
2.9171999999998253
2.917099999999825
2.916999999999825
2.9168999999998246
2.9167999999998244
2.916699999999824
2.916599999999824
2.916499999999824
2.9163999999998236
2.9162999999998234
2.916199999999823
2.916099999999823
2.9159999999998227
2.9158999999998225
2.9157999999998223
2.915699999999822
2.915599999999822
2.9154999999998217
2.9153999999998215
2.9152999999998213
2.915199999999821
2.915099999999821
2.9149999999998206
2.9148999999998204
2.91479999999982
2.91469999999982
2.91459999999982
2.9144999999998196
2.9143999999998194
2.914299999999819
2.914199999999819
2.9140999999998187
2.9139999999998185
2.9138999999998183
2.913799999999818
2.913699999999818
2.9135999999998177
2.9134999999998175
2.9133999999998172
2.913299999999817
2.913199999999817
2.9130999999998166
2.9129999999998164
2.912899999999816
2.912799999999816
2.9126999999998158
2.9125999999998156
2.9124999999998153
2.912399999999815
2.912299999999815
2.9121999999998147
2.9120999999998145
2.9119999999998143
2.911899999999814
2.911799999999814
2.9116999999998137
2.9115999999998134
2.9114999999998132
2.911399999999813
2.911299999999813
2.9111999999998126
2.9110999999998124
2.910999999999812
2.910899999999812
2.9107999999998118
2.9106999999998115
2.9105999999998113
2.910499999999811
2.910399999999811
2.9102999999998107
2.9101999999998105
2.9100999999998103
2.90999999999981
2.90989999999981
2.9097999999998096
2.9096999999998094
2.9095999999998092
2.909499999999809
2.909399999999809
2.9092999999998086
2.9091999999998084
2.909099999999808
2.908999999999808
2.9088999999998078
2.9087999999998075
2.9086999999998073
2.908599999999807
2.908499999999807
2.9083999999998067
2.9082999999998065
2.9081999999998063
2.908099999999806
2.907999999999806
2.9078999999998056
2.9077999999998054
2.907699999999805
2.907599999999805
2.907499999999805
2.9073999999998046
2.9072999999998044
2.907199999999804
2.907099999999804
2.9069999999998037
2.9068999999998035
2.9067999999998033
2.906699999999803
2.906599999999803
2.9064999999998027
2.9063999999998025
2.9062999999998023
2.906199999999802
2.906099999999802
2.9059999999998016
2.9058999999998014
2.905799999999801
2.905699999999801
2.905599999999801
2.9054999999998006
2.9053999999998004
2.9052999999998
2.9051999999998
2.9050999999997997
2.9049999999997995
2.9048999999997993
2.904799999999799
2.904699999999799
2.9045999999997987
2.9044999999997985
2.9043999999997983
2.904299999999798
2.904199999999798
2.9040999999997976
2.9039999999997974
2.903899999999797
2.903799999999797
2.9036999999997968
2.9035999999997966
2.9034999999997964
2.903399999999796
2.903299999999796
2.9031999999997957
2.9030999999997955
2.9029999999997953
2.902899999999795
2.902799999999795
2.9026999999997947
2.9025999999997945
2.9024999999997942
2.902399999999794
2.902299999999794
2.9021999999997936
2.9020999999997934
2.901999999999793
2.901899999999793
2.9017999999997928
2.9016999999997926
2.9015999999997923
2.901499999999792
2.901399999999792
2.9012999999997917
2.9011999999997915
2.9010999999997913
2.900999999999791
2.900899999999791
2.9007999999997907
2.9006999999997904
2.9005999999997902
2.90049999999979
2.90039999999979
2.9002999999997896
2.9001999999997894
2.900099999999789
2.899999999999789
2.8998999999997888
2.8997999999997885
2.8996999999997883
2.899599999999788
2.899499999999788
2.8993999999997877
2.8992999999997875
2.8991999999997873
2.899099999999787
2.898999999999787
2.8988999999997866
2.8987999999997864
2.8986999999997862
2.898599999999786
2.898499999999786
2.8983999999997856
2.8982999999997854
2.898199999999785
2.898099999999785
2.8979999999997847
2.8978999999997845
2.8977999999997843
2.897699999999784
2.897599999999784
2.8974999999997837
2.8973999999997835
2.8972999999997833
2.897199999999783
2.897099999999783
2.8969999999997826
2.8968999999997824
2.896799999999782
2.896699999999782
2.896599999999782
2.8964999999997816
2.8963999999997814
2.896299999999781
2.896199999999781
2.8960999999997807
2.8959999999997805
2.8958999999997803
2.89579999999978
2.89569999999978
2.8955999999997797
2.8954999999997795
2.8953999999997793
2.895299999999779
2.895199999999779
2.8950999999997786
2.8949999999997784
2.894899999999778
2.894799999999778
2.894699999999778
2.8945999999997776
2.8944999999997774
2.894399999999777
2.894299999999777
2.8941999999997767
2.8940999999997765
2.8939999999997763
2.893899999999776
2.893799999999776
2.8936999999997757
2.8935999999997755
2.8934999999997753
2.893399999999775
2.893299999999775
2.8931999999997746
2.8930999999997744
2.892999999999774
2.892899999999774
2.8927999999997738
2.8926999999997736
2.8925999999997734
2.892499999999773
2.892399999999773
2.8922999999997727
2.8921999999997725
2.8920999999997723
2.891999999999772
2.891899999999772
2.8917999999997717
2.8916999999997715
2.8915999999997712
2.891499999999771
2.891399999999771
2.8912999999997706
2.8911999999997704
2.89109999999977
2.89099999999977
2.8908999999997698
2.8907999999997696
2.8906999999997693
2.890599999999769
2.890499999999769
2.8903999999997687
2.8902999999997685
2.8901999999997683
2.890099999999768
2.889999999999768
2.8898999999997677
2.8897999999997674
2.8896999999997672
2.889599999999767
2.889499999999767
2.8893999999997666
2.8892999999997664
2.889199999999766
2.889099999999766
2.8889999999997658
2.8888999999997655
2.8887999999997653
2.888699999999765
2.888599999999765
2.8884999999997647
2.8883999999997645
2.8882999999997643
2.888199999999764
2.888099999999764
2.8879999999997636
2.8878999999997634
2.8877999999997632
2.887699999999763
2.887599999999763
2.8874999999997626
2.8873999999997624
2.887299999999762
2.887199999999762
2.8870999999997617
2.8869999999997615
2.8868999999997613
2.886799999999761
2.886699999999761
2.8865999999997607
2.8864999999997605
2.8863999999997603
2.88629999999976
2.88619999999976
2.8860999999997596
2.8859999999997594
2.885899999999759
2.885799999999759
2.885699999999759
2.8855999999997586
2.8854999999997584
2.885399999999758
2.885299999999758
2.8851999999997577
2.8850999999997575
2.8849999999997573
2.884899999999757
2.884799999999757
2.8846999999997567
2.8845999999997565
2.8844999999997563
2.884399999999756
2.884299999999756
2.8841999999997556
2.8840999999997554
2.883999999999755
2.883899999999755
2.883799999999755
2.8836999999997546
2.8835999999997544
2.883499999999754
2.883399999999754
2.8832999999997537
2.8831999999997535
2.8830999999997533
2.882999999999753
2.882899999999753
2.8827999999997527
2.8826999999997525
2.8825999999997522
2.882499999999752
2.882399999999752
2.8822999999997516
2.8821999999997514
2.882099999999751
2.881999999999751
2.8818999999997508
2.8817999999997506
2.8816999999997504
2.88159999999975
2.88149999999975
2.8813999999997497
2.8812999999997495
2.8811999999997493
2.881099999999749
2.880999999999749
2.8808999999997487
2.8807999999997485
2.8806999999997482
2.880599999999748
2.880499999999748
2.8803999999997476
2.8802999999997474
2.880199999999747
2.880099999999747
2.8799999999997468
2.8798999999997466
2.8797999999997463
2.879699999999746
2.879599999999746
2.8794999999997457
2.8793999999997455
2.8792999999997453
2.879199999999745
2.879099999999745
2.8789999999997447
2.8788999999997444
2.8787999999997442
2.878699999999744
2.878599999999744
2.8784999999997436
2.8783999999997434
2.878299999999743
2.878199999999743
2.8780999999997428
2.8779999999997425
2.8778999999997423
2.877799999999742
2.877699999999742
2.8775999999997417
2.8774999999997415
2.8773999999997413
2.877299999999741
2.877199999999741
2.8770999999997406
2.8769999999997404
2.87689999999974
2.87679999999974
2.87669999999974
2.8765999999997396
2.8764999999997394
2.876399999999739
2.876299999999739
2.8761999999997387
2.8760999999997385
2.8759999999997383
2.875899999999738
2.875799999999738
2.8756999999997377
2.8755999999997375
2.8754999999997373
2.875399999999737
2.875299999999737
2.8751999999997366
2.8750999999997364
2.874999999999736
2.874899999999736
2.874799999999736
2.8746999999997356
2.8745999999997354
2.874499999999735
2.874399999999735
2.8742999999997347
2.8741999999997345
2.8740999999997343
2.873999999999734
2.873899999999734
2.8737999999997337
2.8736999999997335
2.8735999999997333
2.873499999999733
2.873399999999733
2.8732999999997326
2.8731999999997324
2.873099999999732
2.872999999999732
2.872899999999732
2.8727999999997316
2.8726999999997314
2.872599999999731
2.872499999999731
2.8723999999997307
2.8722999999997305
2.8721999999997303
2.87209999999973
2.87199999999973
2.8718999999997297
2.8717999999997295
2.8716999999997292
2.871599999999729
2.871499999999729
2.8713999999997286
2.8712999999997284
2.871199999999728
2.871099999999728
2.8709999999997278
2.8708999999997276
2.8707999999997273
2.870699999999727
2.870599999999727
2.8704999999997267
2.8703999999997265
2.8702999999997263
2.870199999999726
2.870099999999726
2.8699999999997257
2.8698999999997254
2.8697999999997252
2.869699999999725
2.869599999999725
2.8694999999997246
2.8693999999997244
2.869299999999724
2.869199999999724
2.8690999999997238
2.8689999999997235
2.8688999999997233
2.868799999999723
2.868699999999723
2.8685999999997227
2.8684999999997225
2.8683999999997223
2.868299999999722
2.868199999999722
2.8680999999997216
2.8679999999997214
2.8678999999997212
2.867799999999721
2.867699999999721
2.8675999999997206
2.8674999999997204
2.86739999999972
2.86729999999972
2.8671999999997198
2.8670999999997195
2.8669999999997193
2.866899999999719
2.866799999999719
2.8666999999997187
2.8665999999997185
2.8664999999997183
2.866399999999718
2.866299999999718
2.8661999999997176
2.8660999999997174
2.865999999999717
2.865899999999717
2.865799999999717
2.8656999999997166
2.8655999999997164
2.865499999999716
2.865399999999716
2.8652999999997157
2.8651999999997155
2.8650999999997153
2.864999999999715
2.864899999999715
2.8647999999997147
2.8646999999997145
2.8645999999997143
2.864499999999714
2.864399999999714
2.8642999999997136
2.8641999999997134
2.864099999999713
2.863999999999713
2.863899999999713
2.8637999999997126
2.8636999999997124
2.863599999999712
2.863499999999712
2.8633999999997117
2.8632999999997115
2.8631999999997113
2.863099999999711
2.862999999999711
2.8628999999997107
2.8627999999997105
2.8626999999997103
2.86259999999971
2.86249999999971
2.8623999999997096
2.8622999999997094
2.862199999999709
2.862099999999709
2.8619999999997088
2.8618999999997086
2.8617999999997084
2.861699999999708
2.861599999999708
2.8614999999997077
2.8613999999997075
2.8612999999997073
2.861199999999707
2.861099999999707
2.8609999999997067
2.8608999999997065
2.8607999999997062
2.860699999999706
2.860599999999706
2.8604999999997056
2.8603999999997054
2.860299999999705
2.860199999999705
2.8600999999997048
2.8599999999997046
2.8598999999997043
2.859799999999704
2.859699999999704
2.8595999999997037
2.8594999999997035
2.8593999999997033
2.859299999999703
2.859199999999703
2.8590999999997027
2.8589999999997024
2.8588999999997022
2.858799999999702
2.858699999999702
2.8585999999997016
2.8584999999997014
2.858399999999701
2.858299999999701
2.8581999999997008
2.8580999999997005
2.8579999999997003
2.8578999999997
2.8577999999997
2.8576999999996997
2.8575999999996995
2.8574999999996993
2.857399999999699
2.857299999999699
2.8571999999996986
2.8570999999996984
2.8569999999996982
2.856899999999698
2.856799999999698
2.8566999999996976
2.8565999999996974
2.856499999999697
2.856399999999697
2.8562999999996967
2.8561999999996965
2.8560999999996963
2.855999999999696
2.855899999999696
2.8557999999996957
2.8556999999996955
2.8555999999996953
2.855499999999695
2.855399999999695
2.8552999999996946
2.8551999999996944
2.855099999999694
2.854999999999694
2.854899999999694
2.8547999999996936
2.8546999999996934
2.854599999999693
2.854499999999693
2.8543999999996927
2.8542999999996925
2.8541999999996923
2.854099999999692
2.853999999999692
2.8538999999996917
2.8537999999996915
2.8536999999996913
2.853599999999691
2.853499999999691
2.8533999999996906
2.8532999999996904
2.85319999999969
2.85309999999969
2.85299999999969
2.8528999999996896
2.8527999999996894
2.852699999999689
2.852599999999689
2.8524999999996887
2.8523999999996885
2.8522999999996883
2.852199999999688
2.852099999999688
2.8519999999996877
2.8518999999996875
2.8517999999996873
2.851699999999687
2.851599999999687
2.8514999999996866
2.8513999999996864
2.851299999999686
2.851199999999686
2.8510999999996858
2.8509999999996856
2.8508999999996854
2.850799999999685
2.850699999999685
2.8505999999996847
2.8504999999996845
2.8503999999996843
2.850299999999684
2.850199999999684
2.8500999999996837
2.8499999999996835
2.8498999999996832
2.849799999999683
2.849699999999683
2.8495999999996826
2.8494999999996824
2.849399999999682
2.849299999999682
2.8491999999996818
2.8490999999996816
2.8489999999996813
2.848899999999681
2.848799999999681
2.8486999999996807
2.8485999999996805
2.8484999999996803
2.84839999999968
2.84829999999968
2.8481999999996797
2.8480999999996794
2.8479999999996792
2.847899999999679
2.847799999999679
2.8476999999996786
2.8475999999996784
2.847499999999678
2.847399999999678
2.8472999999996778
2.8471999999996775
2.8470999999996773
2.846999999999677
2.846899999999677
2.8467999999996767
2.8466999999996765
2.8465999999996763
2.846499999999676
2.846399999999676
2.8462999999996756
2.8461999999996754
2.8460999999996752
2.845999999999675
2.845899999999675
2.8457999999996746
2.8456999999996744
2.845599999999674
2.845499999999674
2.8453999999996737
2.8452999999996735
2.8451999999996733
2.845099999999673
2.844999999999673
2.8448999999996727
2.8447999999996725
2.8446999999996723
2.844599999999672
2.844499999999672
2.8443999999996716
2.8442999999996714
2.844199999999671
2.844099999999671
2.843999999999671
2.8438999999996706
2.8437999999996704
2.84369999999967
2.84359999999967
2.8434999999996697
2.8433999999996695
2.8432999999996693
2.843199999999669
2.843099999999669
2.8429999999996687
2.8428999999996685
2.8427999999996683
2.842699999999668
2.842599999999668
2.8424999999996676
2.8423999999996674
2.842299999999667
2.842199999999667
2.842099999999667
2.8419999999996666
2.8418999999996664
2.841799999999666
2.841699999999666
2.8415999999996657
2.8414999999996655
2.8413999999996653
2.841299999999665
2.841199999999665
2.8410999999996647
2.8409999999996645
2.8408999999996642
2.840799999999664
2.840699999999664
2.8405999999996636
2.8404999999996634
2.840399999999663
2.840299999999663
2.8401999999996628
2.8400999999996626
2.8399999999996624
2.839899999999662
2.839799999999662
2.8396999999996617
2.8395999999996615
2.8394999999996613
2.839399999999661
2.839299999999661
2.8391999999996607
2.8390999999996605
2.8389999999996602
2.83889999999966
2.83879999999966
2.8386999999996596
2.8385999999996594
2.838499999999659
2.838399999999659
2.8382999999996588
2.8381999999996586
2.8380999999996583
2.837999999999658
2.837899999999658
2.8377999999996577
2.8376999999996575
2.8375999999996573
2.837499999999657
2.837399999999657
2.8372999999996567
2.8371999999996564
2.8370999999996562
2.836999999999656
2.836899999999656
2.8367999999996556
2.8366999999996554
2.836599999999655
2.836499999999655
2.8363999999996548
2.8362999999996545
2.8361999999996543
2.836099999999654
2.835999999999654
2.8358999999996537
2.8357999999996535
2.8356999999996533
2.835599999999653
2.835499999999653
2.8353999999996526
2.8352999999996524
2.835199999999652
2.835099999999652
2.834999999999652
2.8348999999996516
2.8347999999996514
2.834699999999651
2.834599999999651
2.8344999999996507
2.8343999999996505
2.8342999999996503
2.83419999999965
2.83409999999965
2.8339999999996497
2.8338999999996495
2.8337999999996493
2.833699999999649
2.833599999999649
2.8334999999996486
2.8333999999996484
2.833299999999648
2.833199999999648
2.833099999999648
2.8329999999996476
2.8328999999996474
2.832799999999647
2.832699999999647
2.8325999999996467
2.8324999999996465
2.8323999999996463
2.832299999999646
2.832199999999646
2.8320999999996457
2.8319999999996455
2.8318999999996453
2.831799999999645
2.831699999999645
2.8315999999996446
2.8314999999996444
2.831399999999644
2.831299999999644
2.831199999999644
2.8310999999996436
2.8309999999996434
2.830899999999643
2.830799999999643
2.8306999999996427
2.8305999999996425
2.8304999999996423
2.830399999999642
2.830299999999642
2.8301999999996417
2.8300999999996415
2.8299999999996412
2.829899999999641
2.829799999999641
2.8296999999996406
2.8295999999996404
2.82949999999964
2.82939999999964
2.8292999999996398
2.8291999999996396
2.8290999999996393
2.828999999999639
2.828899999999639
2.8287999999996387
2.8286999999996385
2.8285999999996383
2.828499999999638
2.828399999999638
2.8282999999996377
2.8281999999996374
2.8280999999996372
2.827999999999637
2.827899999999637
2.8277999999996366
2.8276999999996364
2.827599999999636
2.827499999999636
2.8273999999996358
2.8272999999996355
2.8271999999996353
2.827099999999635
2.826999999999635
2.8268999999996347
2.8267999999996345
2.8266999999996343
2.826599999999634
2.826499999999634
2.8263999999996336
2.8262999999996334
2.8261999999996332
2.826099999999633
2.825999999999633
2.8258999999996326
2.8257999999996324
2.825699999999632
2.825599999999632
2.8254999999996318
2.8253999999996315
2.8252999999996313
2.825199999999631
2.825099999999631
2.8249999999996307
2.8248999999996305
2.8247999999996303
2.82469999999963
2.82459999999963
2.8244999999996296
2.8243999999996294
2.824299999999629
2.824199999999629
2.824099999999629
2.8239999999996286
2.8238999999996284
2.823799999999628
2.823699999999628
2.8235999999996277
2.8234999999996275
2.8233999999996273
2.823299999999627
2.823199999999627
2.8230999999996267
2.8229999999996265
2.8228999999996263
2.822799999999626
2.822699999999626
2.8225999999996256
2.8224999999996254
2.822399999999625
2.822299999999625
2.822199999999625
2.8220999999996246
2.8219999999996244
2.821899999999624
2.821799999999624
2.8216999999996237
2.8215999999996235
2.8214999999996233
2.821399999999623
2.821299999999623
2.8211999999996227
2.8210999999996225
2.8209999999996223
2.820899999999622
2.820799999999622
2.8206999999996216
2.8205999999996214
2.820499999999621
2.820399999999621
2.8202999999996208
2.8201999999996206
2.8200999999996204
2.81999999999962
2.81989999999962
2.8197999999996197
2.8196999999996195
2.8195999999996193
2.819499999999619
2.819399999999619
2.8192999999996187
2.8191999999996185
2.8190999999996182
2.818999999999618
2.818899999999618
2.8187999999996176
2.8186999999996174
2.818599999999617
2.818499999999617
2.8183999999996168
2.8182999999996166
2.8181999999996163
2.818099999999616
2.817999999999616
2.8178999999996157
2.8177999999996155
2.8176999999996153
2.817599999999615
2.817499999999615
2.8173999999996147
2.8172999999996144
2.8171999999996142
2.817099999999614
2.816999999999614
2.8168999999996136
2.8167999999996134
2.816699999999613
2.816599999999613
2.8164999999996128
2.8163999999996125
2.8162999999996123
2.816199999999612
2.816099999999612
2.8159999999996117
2.8158999999996115
2.8157999999996113
2.815699999999611
2.815599999999611
2.8154999999996106
2.8153999999996104
2.8152999999996102
2.81519999999961
2.81509999999961
2.8149999999996096
2.8148999999996094
2.814799999999609
2.814699999999609
2.8145999999996087
2.8144999999996085
2.8143999999996083
2.814299999999608
2.814199999999608
2.8140999999996077
2.8139999999996075
2.8138999999996073
2.813799999999607
2.813699999999607
2.8135999999996066
2.8134999999996064
2.813399999999606
2.813299999999606
2.813199999999606
2.8130999999996056
2.8129999999996054
2.812899999999605
2.812799999999605
2.8126999999996047
2.8125999999996045
2.8124999999996043
2.812399999999604
2.812299999999604
2.8121999999996037
2.8120999999996035
2.8119999999996033
2.811899999999603
2.811799999999603
2.8116999999996026
2.8115999999996024
2.811499999999602
2.811399999999602
2.811299999999602
2.8111999999996016
2.8110999999996014
2.810999999999601
2.810899999999601
2.8107999999996007
2.8106999999996005
2.8105999999996003
2.8104999999996
2.8103999999996
2.8102999999995997
2.8101999999995995
2.8100999999995993
2.809999999999599
2.809899999999599
2.8097999999995986
2.8096999999995984
2.809599999999598
2.809499999999598
2.8093999999995978
2.8092999999995976
2.8091999999995974
2.809099999999597
2.808999999999597
2.8088999999995967
2.8087999999995965
2.8086999999995963
2.808599999999596
2.808499999999596
2.8083999999995957
2.8082999999995955
2.8081999999995952
2.808099999999595
2.807999999999595
2.8078999999995946
2.8077999999995944
2.807699999999594
2.807599999999594
2.8074999999995938
2.8073999999995936
2.8072999999995933
2.807199999999593
2.807099999999593
2.8069999999995927
2.8068999999995925
2.8067999999995923
2.806699999999592
2.806599999999592
2.8064999999995917
2.8063999999995914
2.8062999999995912
2.806199999999591
2.806099999999591
2.8059999999995906
2.8058999999995904
2.80579999999959
2.80569999999959
2.8055999999995898
2.8054999999995895
2.8053999999995893
2.805299999999589
2.805199999999589
2.8050999999995887
2.8049999999995885
2.8048999999995883
2.804799999999588
2.804699999999588
2.8045999999995876
2.8044999999995874
2.8043999999995872
2.804299999999587
2.804199999999587
2.8040999999995866
2.8039999999995864
2.803899999999586
2.803799999999586
2.8036999999995857
2.8035999999995855
2.8034999999995853
2.803399999999585
2.803299999999585
2.8031999999995847
2.8030999999995845
2.8029999999995843
2.802899999999584
2.802799999999584
2.8026999999995836
2.8025999999995834
2.802499999999583
2.802399999999583
2.802299999999583
2.8021999999995826
2.8020999999995824
2.801999999999582
2.801899999999582
2.8017999999995817
2.8016999999995815
2.8015999999995813
2.801499999999581
2.801399999999581
2.8012999999995807
2.8011999999995805
2.8010999999995803
2.80099999999958
2.80089999999958
2.8007999999995796
2.8006999999995794
2.800599999999579
2.800499999999579
2.800399999999579
2.8002999999995786
2.8001999999995784
2.800099999999578
2.799999999999578
2.7998999999995777
2.7997999999995775
2.7996999999995773
2.799599999999577
2.799499999999577
2.7993999999995767
2.7992999999995765
2.7991999999995762
2.799099999999576
2.798999999999576
2.7988999999995756
2.7987999999995754
2.798699999999575
2.798599999999575
2.7984999999995748
2.7983999999995746
2.7982999999995744
2.798199999999574
2.798099999999574
2.7979999999995737
2.7978999999995735
2.7977999999995733
2.797699999999573
2.797599999999573
2.7974999999995727
2.7973999999995725
2.7972999999995722
2.797199999999572
2.797099999999572
2.7969999999995716
2.7968999999995714
2.796799999999571
2.796699999999571
2.7965999999995708
2.7964999999995706
2.7963999999995703
2.79629999999957
2.79619999999957
2.7960999999995697
2.7959999999995695
2.7958999999995693
2.795799999999569
2.795699999999569
2.7955999999995687
2.7954999999995684
2.7953999999995682
2.795299999999568
2.795199999999568
2.7950999999995676
2.7949999999995674
2.794899999999567
2.794799999999567
2.7946999999995668
2.7945999999995665
2.7944999999995663
2.794399999999566
2.794299999999566
2.7941999999995657
2.7940999999995655
2.7939999999995653
2.793899999999565
2.793799999999565
2.7936999999995646
2.7935999999995644
2.793499999999564
2.793399999999564
2.793299999999564
2.7931999999995636
2.7930999999995634
2.792999999999563
2.792899999999563
2.7927999999995627
2.7926999999995625
2.7925999999995623
2.792499999999562
2.792399999999562
2.7922999999995617
2.7921999999995615
2.7920999999995613
2.791999999999561
2.791899999999561
2.7917999999995606
2.7916999999995604
2.79159999999956
2.79149999999956
2.79139999999956
2.7912999999995596
2.7911999999995594
2.791099999999559
2.790999999999559
2.7908999999995587
2.7907999999995585
2.7906999999995583
2.790599999999558
2.790499999999558
2.7903999999995577
2.7902999999995575
2.7901999999995573
2.790099999999557
2.789999999999557
2.7898999999995566
2.7897999999995564
2.789699999999556
2.789599999999556
2.789499999999556
2.7893999999995556
2.7892999999995554
2.789199999999555
2.789099999999555
2.7889999999995547
2.7888999999995545
2.7887999999995543
2.788699999999554
2.788599999999554
2.7884999999995537
2.7883999999995535
2.7882999999995532
2.788199999999553
2.788099999999553
2.7879999999995526
2.7878999999995524
2.787799999999552
2.787699999999552
2.7875999999995518
2.7874999999995516
2.7873999999995513
2.787299999999551
2.787199999999551
2.7870999999995507
2.7869999999995505
2.7868999999995503
2.78679999999955
2.78669999999955
2.7865999999995497
2.7864999999995494
2.7863999999995492
2.786299999999549
2.786199999999549
2.7860999999995486
2.7859999999995484
2.785899999999548
2.785799999999548
2.7856999999995478
2.7855999999995475
2.7854999999995473
2.785399999999547
2.785299999999547
2.7851999999995467
2.7850999999995465
2.7849999999995463
2.784899999999546
2.784799999999546
2.7846999999995456
2.7845999999995454
2.7844999999995452
2.784399999999545
2.784299999999545
2.7841999999995446
2.7840999999995444
2.783999999999544
2.783899999999544
2.7837999999995438
2.7836999999995435
2.7835999999995433
2.783499999999543
2.783399999999543
2.7832999999995427
2.7831999999995425
2.7830999999995423
2.782999999999542
2.782899999999542
2.7827999999995416
2.7826999999995414
2.782599999999541
2.782499999999541
2.782399999999541
2.7822999999995406
2.7821999999995404
2.78209999999954
2.78199999999954
2.7818999999995397
2.7817999999995395
2.7816999999995393
2.781599999999539
2.781499999999539
2.7813999999995387
2.7812999999995385
2.7811999999995383
2.781099999999538
2.780999999999538
2.7808999999995376
2.7807999999995374
2.780699999999537
2.780599999999537
2.780499999999537
2.7803999999995366
2.7802999999995364
2.780199999999536
2.780099999999536
2.7799999999995357
2.7798999999995355
2.7797999999995353
2.779699999999535
2.779599999999535
2.7794999999995347
2.7793999999995345
2.7792999999995343
2.779199999999534
2.779099999999534
2.7789999999995336
2.7788999999995334
2.778799999999533
2.778699999999533
2.7785999999995328
2.7784999999995326
2.7783999999995324
2.778299999999532
2.778199999999532
2.7780999999995317
2.7779999999995315
2.7778999999995313
2.777799999999531
2.777699999999531
2.7775999999995307
2.7774999999995305
2.7773999999995302
2.77729999999953
2.77719999999953
2.7770999999995296
2.7769999999995294
2.776899999999529
2.776799999999529
2.7766999999995288
2.7765999999995286
2.7764999999995283
2.776399999999528
2.776299999999528
2.7761999999995277
2.7760999999995275
2.7759999999995273
2.775899999999527
2.775799999999527
2.7756999999995267
2.7755999999995264
2.7754999999995262
2.775399999999526
2.775299999999526
2.7751999999995256
2.7750999999995254
2.774999999999525
2.774899999999525
2.7747999999995248
2.7746999999995245
2.7745999999995243
2.774499999999524
2.774399999999524
2.7742999999995237
2.7741999999995235
2.7740999999995233
2.773999999999523
2.773899999999523
2.7737999999995226
2.7736999999995224
2.7735999999995222
2.773499999999522
2.773399999999522
2.7732999999995216
2.7731999999995214
2.773099999999521
2.772999999999521
2.7728999999995207
2.7727999999995205
2.7726999999995203
2.77259999999952
2.77249999999952
2.7723999999995197
2.7722999999995195
2.7721999999995193
2.772099999999519
2.771999999999519
2.7718999999995186
2.7717999999995184
2.771699999999518
2.771599999999518
2.771499999999518
2.7713999999995176
2.7712999999995174
2.771199999999517
2.771099999999517
2.7709999999995167
2.7708999999995165
2.7707999999995163
2.770699999999516
2.770599999999516
2.7704999999995157
2.7703999999995155
2.7702999999995153
2.770199999999515
2.770099999999515
2.7699999999995146
2.7698999999995144
2.769799999999514
2.769699999999514
2.769599999999514
2.7694999999995136
2.7693999999995134
2.769299999999513
2.769199999999513
2.7690999999995127
2.7689999999995125
2.7688999999995123
2.768799999999512
2.768699999999512
2.7685999999995117
2.7684999999995115
2.7683999999995113
2.768299999999511
2.768199999999511
2.7680999999995106
2.7679999999995104
2.76789999999951
2.76779999999951
2.7676999999995098
2.7675999999995096
2.7674999999995094
2.767399999999509
2.767299999999509
2.7671999999995087
2.7670999999995085
2.7669999999995083
2.766899999999508
2.766799999999508
2.7666999999995077
2.7665999999995075
2.7664999999995072
2.766399999999507
2.766299999999507
2.7661999999995066
2.7660999999995064
2.765999999999506
2.765899999999506
2.7657999999995058
2.7656999999995056
2.7655999999995053
2.765499999999505
2.765399999999505
2.7652999999995047
2.7651999999995045
2.7650999999995043
2.764999999999504
2.764899999999504
2.7647999999995037
2.7646999999995034
2.7645999999995032
2.764499999999503
2.764399999999503
2.7642999999995026
2.7641999999995024
2.764099999999502
2.763999999999502
2.7638999999995018
2.7637999999995015
2.7636999999995013
2.763599999999501
2.763499999999501
2.7633999999995007
2.7632999999995005
2.7631999999995003
2.7630999999995
2.7629999999995
2.7628999999994996
2.7627999999994994
2.7626999999994992
2.762599999999499
2.762499999999499
2.7623999999994986
2.7622999999994984
2.762199999999498
2.762099999999498
2.7619999999994977
2.7618999999994975
2.7617999999994973
2.761699999999497
2.761599999999497
2.7614999999994967
2.7613999999994965
2.7612999999994963
2.761199999999496
2.761099999999496
2.7609999999994956
2.7608999999994954
2.760799999999495
2.760699999999495
2.760599999999495
2.7604999999994946
2.7603999999994944
2.760299999999494
2.760199999999494
2.7600999999994937
2.7599999999994935
2.7598999999994933
2.759799999999493
2.759699999999493
2.7595999999994927
2.7594999999994925
2.7593999999994923
2.759299999999492
2.759199999999492
2.7590999999994916
2.7589999999994914
2.758899999999491
2.758799999999491
2.758699999999491
2.7585999999994906
2.7584999999994904
2.75839999999949
2.75829999999949
2.7581999999994897
2.7580999999994895
2.7579999999994893
2.757899999999489
2.757799999999489
2.7576999999994887
2.7575999999994885
2.7574999999994882
2.757399999999488
2.757299999999488
2.7571999999994876
2.7570999999994874
2.756999999999487
2.756899999999487
2.7567999999994868
2.7566999999994866
2.7565999999994864
2.756499999999486
2.756399999999486
2.7562999999994857
2.7561999999994855
2.7560999999994853
2.755999999999485
2.755899999999485
2.7557999999994847
2.7556999999994845
2.7555999999994842
2.755499999999484
2.755399999999484
2.7552999999994836
2.7551999999994834
2.755099999999483
2.754999999999483
2.7548999999994828
2.7547999999994826
2.7546999999994823
2.754599999999482
2.754499999999482
2.7543999999994817
2.7542999999994815
2.7541999999994813
2.754099999999481
2.753999999999481
2.7538999999994807
2.7537999999994804
2.7536999999994802
2.75359999999948
2.75349999999948
2.7533999999994796
2.7532999999994794
2.753199999999479
2.753099999999479
2.7529999999994788
2.7528999999994785
2.7527999999994783
2.752699999999478
2.752599999999478
2.7524999999994777
2.7523999999994775
2.7522999999994773
2.752199999999477
2.752099999999477
2.7519999999994766
2.7518999999994764
2.751799999999476
2.751699999999476
2.751599999999476
2.7514999999994756
2.7513999999994754
2.751299999999475
2.751199999999475
2.7510999999994747
2.7509999999994745
2.7508999999994743
2.750799999999474
2.750699999999474
2.7505999999994737
2.7504999999994735
2.7503999999994733
2.750299999999473
2.750199999999473
2.7500999999994726
2.7499999999994724
2.749899999999472
2.749799999999472
2.749699999999472
2.7495999999994716
2.7494999999994714
2.749399999999471
2.749299999999471
2.7491999999994707
2.7490999999994705
2.7489999999994703
2.74889999999947
2.74879999999947
2.7486999999994697
2.7485999999994695
2.7484999999994693
2.748399999999469
2.748299999999469
2.7481999999994686
2.7480999999994684
2.747999999999468
2.747899999999468
2.747799999999468
2.7476999999994676
2.7475999999994674
2.747499999999467
2.747399999999467
2.7472999999994667
2.7471999999994665
2.7470999999994663
2.746999999999466
2.746899999999466
2.7467999999994657
2.7466999999994655
2.7465999999994652
2.746499999999465
2.746399999999465
2.7462999999994646
2.7461999999994644
2.746099999999464
2.745999999999464
2.7458999999994638
2.7457999999994636
2.7456999999994633
2.745599999999463
2.745499999999463
2.7453999999994627
2.7452999999994625
2.7451999999994623
2.745099999999462
2.744999999999462
2.7448999999994617
2.7447999999994614
2.7446999999994612
2.744599999999461
2.744499999999461
2.7443999999994606
2.7442999999994604
2.74419999999946
2.74409999999946
2.7439999999994598
2.7438999999994595
2.7437999999994593
2.743699999999459
2.743599999999459
2.7434999999994587
2.7433999999994585
2.7432999999994583
2.743199999999458
2.743099999999458
2.7429999999994576
2.7428999999994574
2.7427999999994572
2.742699999999457
2.742599999999457
2.7424999999994566
2.7423999999994564
2.742299999999456
2.742199999999456
2.7420999999994558
2.7419999999994555
2.7418999999994553
2.741799999999455
2.741699999999455
2.7415999999994547
2.7414999999994545
2.7413999999994543
2.741299999999454
2.741199999999454
2.7410999999994536
2.7409999999994534
2.740899999999453
2.740799999999453
2.740699999999453
2.7405999999994526
2.7404999999994524
2.740399999999452
2.740299999999452
2.7401999999994517
2.7400999999994515
2.7399999999994513
2.739899999999451
2.739799999999451
2.7396999999994507
2.7395999999994505
2.7394999999994503
2.73939999999945
2.73929999999945
2.7391999999994496
2.7390999999994494
2.738999999999449
2.738899999999449
2.738799999999449
2.7386999999994486
2.7385999999994484
2.738499999999448
2.738399999999448
2.7382999999994477
2.7381999999994475
2.7380999999994473
2.737999999999447
2.737899999999447
2.7377999999994467
2.7376999999994465
2.7375999999994463
2.737499999999446
2.737399999999446
2.7372999999994456
2.7371999999994454
2.737099999999445
2.736999999999445
2.7368999999994448
2.7367999999994446
2.7366999999994444
2.736599999999444
2.736499999999444
2.7363999999994437
2.7362999999994435
2.7361999999994433
2.736099999999443
2.735999999999443
2.7358999999994427
2.7357999999994425
2.7356999999994422
2.735599999999442
2.735499999999442
2.7353999999994416
2.7352999999994414
2.735199999999441
2.735099999999441
2.7349999999994408
2.7348999999994406
2.7347999999994403
2.73469999999944
2.73459999999944
2.7344999999994397
2.7343999999994395
2.7342999999994393
2.734199999999439
2.734099999999439
2.7339999999994387
2.7338999999994384
2.7337999999994382
2.733699999999438
2.733599999999438
2.7334999999994376
2.7333999999994374
2.733299999999437
2.733199999999437
2.7330999999994368
2.7329999999994365
2.7328999999994363
2.732799999999436
2.732699999999436
2.7325999999994357
2.7324999999994355
2.7323999999994353
2.732299999999435
2.732199999999435
2.7320999999994346
2.7319999999994344
2.7318999999994342
2.731799999999434
2.731699999999434
2.7315999999994336
2.7314999999994334
2.731399999999433
2.731299999999433
2.7311999999994327
2.7310999999994325
2.7309999999994323
2.730899999999432
2.730799999999432
2.7306999999994317
2.7305999999994315
2.7304999999994313
2.730399999999431
2.730299999999431
2.7301999999994306
2.7300999999994304
2.72999999999943
2.72989999999943
2.72979999999943
2.7296999999994296
2.7295999999994294
2.729499999999429
2.729399999999429
2.7292999999994287
2.7291999999994285
2.7290999999994283
2.728999999999428
2.728899999999428
2.7287999999994277
2.7286999999994275
2.7285999999994273
2.728499999999427
2.728399999999427
2.7282999999994266
2.7281999999994264
2.728099999999426
2.727999999999426
2.727899999999426
2.7277999999994256
2.7276999999994254
2.727599999999425
2.727499999999425
2.7273999999994247
2.7272999999994245
2.7271999999994243
2.727099999999424
2.726999999999424
2.7268999999994237
2.7267999999994235
2.7266999999994233
2.726599999999423
2.726499999999423
2.7263999999994226
2.7262999999994224
2.726199999999422
2.726099999999422
2.7259999999994218
2.7258999999994216
2.7257999999994214
2.725699999999421
2.725599999999421
2.7254999999994207
2.7253999999994205
2.7252999999994203
2.72519999999942
2.72509999999942
2.7249999999994197
2.7248999999994195
2.7247999999994192
2.724699999999419
2.724599999999419
2.7244999999994186
2.7243999999994184
2.724299999999418
2.724199999999418
2.7240999999994178
2.7239999999994176
2.7238999999994173
2.723799999999417
2.723699999999417
2.7235999999994167
2.7234999999994165
2.7233999999994163
2.723299999999416
2.723199999999416
2.7230999999994157
2.7229999999994154
2.7228999999994152
2.722799999999415
2.722699999999415
2.7225999999994146
2.7224999999994144
2.722399999999414
2.722299999999414
2.7221999999994138
2.7220999999994135
2.7219999999994133
2.721899999999413
2.721799999999413
2.7216999999994127
2.7215999999994125
2.7214999999994123
2.721399999999412
2.721299999999412
2.7211999999994116
2.7210999999994114
2.7209999999994112
2.720899999999411
2.720799999999411
2.7206999999994106
2.7205999999994104
2.72049999999941
2.72039999999941
2.7202999999994097
2.7201999999994095
2.7200999999994093
2.719999999999409
2.719899999999409
2.7197999999994087
2.7196999999994085
2.7195999999994083
2.719499999999408
2.719399999999408
2.7192999999994076
2.7191999999994074
2.719099999999407
2.718999999999407
2.718899999999407
2.7187999999994066
2.7186999999994064
2.718599999999406
2.718499999999406
2.7183999999994057
2.7182999999994055
2.7181999999994053
2.7182999999994055