3
2.999
2.998
2.9970000000000003
2.9960000000000004
2.9950000000000006
2.9940000000000007
2.9930000000000008
2.992000000000001
2.991000000000001
2.990000000000001
2.989000000000001
2.9880000000000013
2.9870000000000014
2.9860000000000015
2.9850000000000017
2.9840000000000018
2.983000000000002
2.982000000000002
2.981000000000002
2.980000000000002
2.9790000000000023
2.9780000000000024
2.9770000000000025
2.9760000000000026
2.9750000000000028
2.974000000000003
2.973000000000003
2.972000000000003
2.971000000000003
2.9700000000000033
2.9690000000000034
2.9680000000000035
2.9670000000000036
2.9660000000000037
2.965000000000004
2.964000000000004
2.963000000000004
2.962000000000004
2.9610000000000043
2.9600000000000044
2.9590000000000045
2.9580000000000046
2.9570000000000047
2.956000000000005
2.955000000000005
2.954000000000005
2.953000000000005
2.9520000000000053
2.9510000000000054
2.9500000000000055
2.9490000000000056
2.9480000000000057
2.947000000000006
2.946000000000006
2.945000000000006
2.944000000000006
2.9430000000000063
2.9420000000000064
2.9410000000000065
2.9400000000000066
2.9390000000000067
2.938000000000007
2.937000000000007
2.936000000000007
2.935000000000007
2.9340000000000073
2.9330000000000074
2.9320000000000075
2.9310000000000076
2.9300000000000077
2.929000000000008
2.928000000000008
2.927000000000008
2.926000000000008
2.9250000000000083
2.9240000000000084
2.9230000000000085
2.9220000000000086
2.9210000000000087
2.920000000000009
2.919000000000009
2.918000000000009
2.917000000000009
2.9160000000000093
2.9150000000000094
2.9140000000000095
2.9130000000000096
2.9120000000000097
2.91100000000001
2.91000000000001
2.90900000000001
2.90800000000001
2.9070000000000102
2.9060000000000104
2.9050000000000105
2.9040000000000106
2.9030000000000107
2.902000000000011
2.901000000000011
2.900000000000011
2.899000000000011
2.8980000000000112
2.8970000000000113
2.8960000000000115
2.8950000000000116
2.8940000000000117
2.893000000000012
2.892000000000012
2.891000000000012
2.890000000000012
2.8890000000000122
2.8880000000000123
2.8870000000000124
2.8860000000000126
2.8850000000000127
2.8840000000000128
2.883000000000013
2.882000000000013
2.881000000000013
2.880000000000013
2.8790000000000133
2.8780000000000134
2.8770000000000135
2.8760000000000137
2.8750000000000138
2.874000000000014
2.873000000000014
2.872000000000014
2.871000000000014
2.8700000000000143
2.8690000000000144
2.8680000000000145
2.8670000000000146
2.8660000000000148
2.865000000000015
2.864000000000015
2.863000000000015
2.862000000000015
2.8610000000000153
2.8600000000000154
2.8590000000000155
2.8580000000000156
2.8570000000000157
2.856000000000016
2.855000000000016
2.854000000000016
2.853000000000016
2.8520000000000163
2.8510000000000164
2.8500000000000165
2.8490000000000166
2.8480000000000167
2.847000000000017
2.846000000000017
2.845000000000017
2.844000000000017
2.8430000000000173
2.8420000000000174
2.8410000000000175
2.8400000000000176
2.8390000000000177
2.838000000000018
2.837000000000018
2.836000000000018
2.835000000000018
2.8340000000000183
2.8330000000000184
2.8320000000000185
2.8310000000000186
2.8300000000000187
2.829000000000019
2.828000000000019
2.827000000000019
2.826000000000019
2.8250000000000193
2.8240000000000194
2.8230000000000195
2.8220000000000196
2.8210000000000197
2.82000000000002
2.81900000000002
2.81800000000002
2.81700000000002
2.8160000000000203
2.8150000000000204
2.8140000000000205
2.8130000000000206
2.8120000000000207
2.811000000000021
2.810000000000021
2.809000000000021
2.808000000000021
2.8070000000000213
2.8060000000000214
2.8050000000000215
2.8040000000000216
2.8030000000000217
2.802000000000022
2.801000000000022
2.800000000000022
2.799000000000022
2.7980000000000222
2.7970000000000224
2.7960000000000225
2.7950000000000226
2.7940000000000227
2.793000000000023
2.792000000000023
2.791000000000023
2.790000000000023
2.7890000000000232
2.7880000000000233
2.7870000000000235
2.7860000000000236
2.7850000000000237
2.784000000000024
2.783000000000024
2.782000000000024
2.781000000000024
2.7800000000000242
2.7790000000000243
2.7780000000000244
2.7770000000000246
2.7760000000000247
2.775000000000025
2.774000000000025
2.773000000000025
2.772000000000025
2.771000000000025
2.7700000000000253
2.7690000000000254
2.7680000000000256
2.7670000000000257
2.7660000000000258
2.765000000000026
2.764000000000026
2.763000000000026
2.762000000000026
2.7610000000000263
2.7600000000000264
2.7590000000000265
2.7580000000000267
2.7570000000000268
2.756000000000027
2.755000000000027
2.754000000000027
2.753000000000027
2.7520000000000273
2.7510000000000274
2.7500000000000275
2.7490000000000276
2.7480000000000278
2.747000000000028
2.746000000000028
2.745000000000028
2.744000000000028
2.7430000000000283
2.7420000000000284
2.7410000000000285
2.7400000000000286
2.7390000000000287
2.738000000000029
2.737000000000029
2.736000000000029
2.735000000000029
2.7340000000000293
2.7330000000000294
2.7320000000000295
2.7310000000000296
2.7300000000000297
2.72900000000003
2.72800000000003
2.72700000000003
2.72600000000003
2.7250000000000303
2.7240000000000304
2.7230000000000305
2.7220000000000306
2.7210000000000307
2.720000000000031
2.719000000000031
2.718000000000031
2.719000000000031