3
2.9999999
2.9999998000000003
2.9999997000000005
2.9999996000000007
2.999999500000001
2.999999400000001
2.999999300000001
2.9999992000000013
2.9999991000000015
2.9999990000000016
2.999998900000002
2.999998800000002
2.999998700000002
2.9999986000000023
2.9999985000000025
2.9999984000000026
2.999998300000003
2.999998200000003
2.999998100000003
2.9999980000000033
2.9999979000000034
2.9999978000000036
2.9999977000000038
2.999997600000004
2.999997500000004
2.9999974000000043
2.9999973000000044
2.9999972000000046
2.9999971000000047
2.999997000000005
2.999996900000005
2.9999968000000052
2.9999967000000054
2.9999966000000056
2.9999965000000057
2.999996400000006
2.999996300000006
2.999996200000006
2.9999961000000064
2.9999960000000065
2.9999959000000067
2.999995800000007
2.999995700000007
2.999995600000007
2.9999955000000074
2.9999954000000075
2.9999953000000077
2.999995200000008
2.999995100000008
2.999995000000008
2.9999949000000083
2.9999948000000085
2.9999947000000087
2.999994600000009
2.999994500000009
2.999994400000009
2.9999943000000093
2.9999942000000095
2.9999941000000097
2.99999400000001
2.99999390000001
2.99999380000001
2.9999937000000103
2.9999936000000105
2.9999935000000106
2.999993400000011
2.999993300000011
2.999993200000011
2.9999931000000113
2.9999930000000115
2.9999929000000116
2.999992800000012
2.999992700000012
2.999992600000012
2.9999925000000123
2.9999924000000124
2.9999923000000126
2.9999922000000128
2.999992100000013
2.999992000000013
2.9999919000000133
2.9999918000000134
2.9999917000000136
2.9999916000000137
2.999991500000014
2.999991400000014
2.9999913000000142
2.9999912000000144
2.9999911000000146
2.9999910000000147
2.999990900000015
2.999990800000015
2.999990700000015
2.9999906000000154
2.9999905000000155
2.9999904000000157
2.999990300000016
2.999990200000016
2.999990100000016
2.9999900000000164
2.9999899000000165
2.9999898000000167
2.999989700000017
2.999989600000017
2.999989500000017
2.9999894000000173
2.9999893000000175
2.9999892000000177
2.999989100000018
2.999989000000018
2.999988900000018
2.9999888000000183
2.9999887000000185
2.9999886000000187
2.999988500000019
2.999988400000019
2.999988300000019
2.9999882000000193
2.9999881000000195
2.9999880000000196
2.99998790000002
2.99998780000002
2.99998770000002
2.9999876000000203
2.9999875000000205
2.9999874000000206
2.999987300000021
2.999987200000021
2.999987100000021
2.9999870000000213
2.9999869000000214
2.9999868000000216
2.9999867000000218
2.999986600000022
2.999986500000022
2.9999864000000223
2.9999863000000224
2.9999862000000226
2.9999861000000227
2.999986000000023
2.999985900000023
2.9999858000000232
2.9999857000000234
2.9999856000000236
2.9999855000000237
2.999985400000024
2.999985300000024
2.999985200000024
2.9999851000000244
2.9999850000000245
2.9999849000000247
2.999984800000025
2.999984700000025
2.999984600000025
2.9999845000000254
2.9999844000000255
2.9999843000000257
2.999984200000026
2.999984100000026
2.999984000000026
2.9999839000000263
2.9999838000000265
2.9999837000000267
2.999983600000027
2.999983500000027
2.999983400000027
2.9999833000000273
2.9999832000000275
2.9999831000000277
2.999983000000028
2.999982900000028
2.999982800000028
2.9999827000000283
2.9999826000000285
2.9999825000000286
2.999982400000029
2.999982300000029
2.999982200000029
2.9999821000000293
2.9999820000000295
2.9999819000000296
2.99998180000003
2.99998170000003
2.99998160000003
2.9999815000000303
2.9999814000000304
2.9999813000000306
2.9999812000000308
2.999981100000031
2.999981000000031
2.9999809000000313
2.9999808000000314
2.9999807000000316
2.9999806000000317
2.999980500000032
2.999980400000032
2.9999803000000322
2.9999802000000324
2.9999801000000326
2.9999800000000327
2.999979900000033
2.999979800000033
2.9999797000000332
2.9999796000000334
2.9999795000000335
2.9999794000000337
2.999979300000034
2.999979200000034
2.999979100000034
2.9999790000000344
2.9999789000000345
2.9999788000000347
2.999978700000035
2.999978600000035
2.999978500000035
2.9999784000000354
2.9999783000000355
2.9999782000000357
2.999978100000036
2.999978000000036
2.999977900000036
2.9999778000000363
2.9999777000000365
2.9999776000000367
2.999977500000037
2.999977400000037
2.999977300000037
2.9999772000000373
2.9999771000000375
2.9999770000000376
2.999976900000038
2.999976800000038
2.999976700000038
2.9999766000000383
2.9999765000000385
2.9999764000000386
2.999976300000039
2.999976200000039
2.999976100000039
2.9999760000000393
2.9999759000000394
2.9999758000000396
2.9999757000000398
2.99997560000004
2.99997550000004
2.9999754000000403
2.9999753000000404
2.9999752000000406
2.9999751000000408
2.999975000000041
2.999974900000041
2.9999748000000412
2.9999747000000414
2.9999746000000416
2.9999745000000417
2.999974400000042
2.999974300000042
2.9999742000000422
2.9999741000000424
2.9999740000000426
2.9999739000000427
2.999973800000043
2.999973700000043
2.999973600000043
2.9999735000000434
2.9999734000000435
2.9999733000000437
2.999973200000044
2.999973100000044
2.999973000000044
2.9999729000000444
2.9999728000000445
2.9999727000000447
2.999972600000045
2.999972500000045
2.999972400000045
2.9999723000000453
2.9999722000000455
2.9999721000000457
2.999972000000046
2.999971900000046
2.999971800000046
2.9999717000000463
2.9999716000000465
2.9999715000000466
2.999971400000047
2.999971300000047
2.999971200000047
2.9999711000000473
2.9999710000000475
2.9999709000000476
2.999970800000048
2.999970700000048
2.999970600000048
2.9999705000000483
2.9999704000000484
2.9999703000000486
2.9999702000000488
2.999970100000049
2.999970000000049
2.9999699000000493
2.9999698000000494
2.9999697000000496
2.9999696000000498
2.99996950000005
2.99996940000005
2.9999693000000502
2.9999692000000504
2.9999691000000506
2.9999690000000507
2.999968900000051
2.999968800000051
2.9999687000000512
2.9999686000000514
2.9999685000000516
2.9999684000000517
2.999968300000052
2.999968200000052
2.999968100000052
2.9999680000000524
2.9999679000000525
2.9999678000000527
2.999967700000053
2.999967600000053
2.999967500000053
2.9999674000000534
2.9999673000000535
2.9999672000000537
2.999967100000054
2.999967000000054
2.999966900000054
2.9999668000000543
2.9999667000000545
2.9999666000000547
2.999966500000055
2.999966400000055
2.999966300000055
2.9999662000000553
2.9999661000000555
2.9999660000000556
2.999965900000056
2.999965800000056
2.999965700000056
2.9999656000000563
2.9999655000000565
2.9999654000000566
2.999965300000057
2.999965200000057
2.999965100000057
2.9999650000000573
2.9999649000000574
2.9999648000000576
2.9999647000000578
2.999964600000058
2.999964500000058
2.9999644000000583
2.9999643000000584
2.9999642000000586
2.9999641000000588
2.999964000000059
2.999963900000059
2.9999638000000592
2.9999637000000594
2.9999636000000596
2.9999635000000597
2.99996340000006
2.99996330000006
2.9999632000000602
2.9999631000000604
2.9999630000000606
2.9999629000000607
2.999962800000061
2.999962700000061
2.999962600000061
2.9999625000000614
2.9999624000000615
2.9999623000000617
2.999962200000062
2.999962100000062
2.999962000000062
2.9999619000000624
2.9999618000000625
2.9999617000000627
2.999961600000063
2.999961500000063
2.999961400000063
2.9999613000000633
2.9999612000000635
2.9999611000000637
2.999961000000064
2.999960900000064
2.999960800000064
2.9999607000000643
2.9999606000000645
2.9999605000000646
2.999960400000065
2.999960300000065
2.999960200000065
2.9999601000000653
2.9999600000000655
2.9999599000000656
2.999959800000066
2.999959700000066
2.999959600000066
2.9999595000000663
2.9999594000000664
2.9999593000000666
2.9999592000000668
2.999959100000067
2.999959000000067
2.9999589000000673
2.9999588000000674
2.9999587000000676
2.9999586000000678
2.999958500000068
2.999958400000068
2.9999583000000682
2.9999582000000684
2.9999581000000686
2.9999580000000687
2.999957900000069
2.999957800000069
2.9999577000000692
2.9999576000000694
2.9999575000000696
2.9999574000000697
2.99995730000007
2.99995720000007
2.99995710000007
2.9999570000000704
2.9999569000000705
2.9999568000000707
2.999956700000071
2.999956600000071
2.999956500000071
2.9999564000000714
2.9999563000000715
2.9999562000000717
2.999956100000072
2.999956000000072
2.999955900000072
2.9999558000000723
2.9999557000000725
2.9999556000000727
2.999955500000073
2.999955400000073
2.999955300000073
2.9999552000000733
2.9999551000000735
2.9999550000000736
2.999954900000074
2.999954800000074
2.999954700000074
2.9999546000000743
2.9999545000000745
2.9999544000000746
2.999954300000075
2.999954200000075
2.999954100000075
2.9999540000000753
2.9999539000000754
2.9999538000000756
2.9999537000000758
2.999953600000076
2.999953500000076
2.9999534000000763
2.9999533000000764
2.9999532000000766
2.9999531000000768
2.999953000000077
2.999952900000077
2.9999528000000772
2.9999527000000774
2.9999526000000776
2.9999525000000777
2.999952400000078
2.999952300000078
2.9999522000000782
2.9999521000000784
2.9999520000000786
2.9999519000000787
2.999951800000079
2.999951700000079
2.999951600000079
2.9999515000000794
2.9999514000000795
2.9999513000000797
2.99995120000008
2.99995110000008
2.99995100000008
2.9999509000000804
2.9999508000000805
2.9999507000000807
2.999950600000081
2.999950500000081
2.999950400000081
2.9999503000000813
2.9999502000000815
2.9999501000000817
2.999950000000082
2.999949900000082
2.999949800000082
2.9999497000000823
2.9999496000000825
2.9999495000000826
2.999949400000083
2.999949300000083
2.999949200000083
2.9999491000000833
2.9999490000000835
2.9999489000000836
2.999948800000084
2.999948700000084
2.999948600000084
2.9999485000000843
2.9999484000000844
2.9999483000000846
2.9999482000000848
2.999948100000085
2.999948000000085
2.9999479000000853
2.9999478000000854
2.9999477000000856
2.9999476000000858
2.999947500000086
2.999947400000086
2.9999473000000862
2.9999472000000864
2.9999471000000866
2.9999470000000867
2.999946900000087
2.999946800000087
2.9999467000000872
2.9999466000000874
2.9999465000000876
2.9999464000000877
2.999946300000088
2.999946200000088
2.999946100000088
2.9999460000000884
2.9999459000000885
2.9999458000000887
2.999945700000089
2.999945600000089
2.999945500000089
2.9999454000000894
2.9999453000000895
2.9999452000000897
2.99994510000009
2.99994500000009
2.99994490000009
2.9999448000000903
2.9999447000000905
2.9999446000000907
2.999944500000091
2.999944400000091
2.999944300000091
2.9999442000000913
2.9999441000000915
2.9999440000000916
2.999943900000092
2.999943800000092
2.999943700000092
2.9999436000000923
2.9999435000000925
2.9999434000000926
2.999943300000093
2.999943200000093
2.999943100000093
2.9999430000000933
2.9999429000000934
2.9999428000000936
2.9999427000000938
2.999942600000094
2.999942500000094
2.9999424000000943
2.9999423000000944
2.9999422000000946
2.9999421000000948
2.999942000000095
2.999941900000095
2.9999418000000952
2.9999417000000954
2.9999416000000956
2.9999415000000957
2.999941400000096
2.999941300000096
2.9999412000000962
2.9999411000000964
2.9999410000000966
2.9999409000000967
2.999940800000097
2.999940700000097
2.999940600000097
2.9999405000000974
2.9999404000000975
2.9999403000000977
2.999940200000098
2.999940100000098
2.999940000000098
2.9999399000000984
2.9999398000000985
2.9999397000000987
2.999939600000099
2.999939500000099
2.999939400000099
2.9999393000000993
2.9999392000000995
2.9999391000000997
2.9999390000001
2.9999389000001
2.9999388000001
2.9999387000001003
2.9999386000001005
2.9999385000001006
2.999938400000101
2.999938300000101
2.999938200000101
2.9999381000001013
2.9999380000001015
2.9999379000001016
2.999937800000102
2.999937700000102
2.999937600000102
2.9999375000001023
2.9999374000001024
2.9999373000001026
2.9999372000001028
2.999937100000103
2.999937000000103
2.9999369000001033
2.9999368000001034
2.9999367000001036
2.9999366000001038
2.999936500000104
2.999936400000104
2.9999363000001043
2.9999362000001044
2.9999361000001046
2.9999360000001047
2.999935900000105
2.999935800000105
2.9999357000001052
2.9999356000001054
2.9999355000001056
2.9999354000001057
2.999935300000106
2.999935200000106
2.999935100000106
2.9999350000001064
2.9999349000001065
2.9999348000001067
2.999934700000107
2.999934600000107
2.999934500000107
2.9999344000001074
2.9999343000001075
2.9999342000001077
2.999934100000108
2.999934000000108
2.999933900000108
2.9999338000001083
2.9999337000001085
2.9999336000001087
2.999933500000109
2.999933400000109
2.999933300000109
2.9999332000001093
2.9999331000001095
2.9999330000001097
2.99993290000011
2.99993280000011
2.99993270000011
2.9999326000001103
2.9999325000001105
2.9999324000001106
2.999932300000111
2.999932200000111
2.999932100000111
2.9999320000001113
2.9999319000001115
2.9999318000001116
2.999931700000112
2.999931600000112
2.999931500000112
2.9999314000001123
2.9999313000001124
2.9999312000001126
2.9999311000001128
2.999931000000113
2.999930900000113
2.9999308000001133
2.9999307000001134
2.9999306000001136
2.9999305000001137
2.999930400000114
2.999930300000114
2.9999302000001142
2.9999301000001144
2.9999300000001146
2.9999299000001147
2.999929800000115
2.999929700000115
2.999929600000115
2.9999295000001154
2.9999294000001155
2.9999293000001157
2.999929200000116
2.999929100000116
2.999929000000116
2.9999289000001164
2.9999288000001165
2.9999287000001167
2.999928600000117
2.999928500000117
2.999928400000117
2.9999283000001173
2.9999282000001175
2.9999281000001177
2.999928000000118
2.999927900000118
2.999927800000118
2.9999277000001183
2.9999276000001185
2.9999275000001187
2.999927400000119
2.999927300000119
2.999927200000119
2.9999271000001193
2.9999270000001195
2.9999269000001196
2.99992680000012
2.99992670000012
2.99992660000012
2.9999265000001203
2.9999264000001205
2.9999263000001206
2.999926200000121
2.999926100000121
2.999926000000121
2.9999259000001213
2.9999258000001214
2.9999257000001216
2.9999256000001218
2.999925500000122
2.999925400000122
2.9999253000001223
2.9999252000001224
2.9999251000001226
2.9999250000001227
2.999924900000123
2.999924800000123
2.9999247000001232
2.9999246000001234
2.9999245000001236
2.9999244000001237
2.999924300000124
2.999924200000124
2.999924100000124
2.9999240000001244
2.9999239000001245
2.9999238000001247
2.999923700000125
2.999923600000125
2.999923500000125
2.9999234000001254
2.9999233000001255
2.9999232000001257
2.999923100000126
2.999923000000126
2.999922900000126
2.9999228000001263
2.9999227000001265
2.9999226000001267
2.999922500000127
2.999922400000127
2.999922300000127
2.9999222000001273
2.9999221000001275
2.9999220000001277
2.999921900000128
2.999921800000128
2.999921700000128
2.9999216000001283
2.9999215000001285
2.9999214000001286
2.999921300000129
2.999921200000129
2.999921100000129
2.9999210000001293
2.9999209000001295
2.9999208000001296
2.99992070000013
2.99992060000013
2.99992050000013
2.9999204000001303
2.9999203000001304
2.9999202000001306
2.9999201000001308
2.999920000000131
2.999919900000131
2.9999198000001313
2.9999197000001314
2.9999196000001316
2.9999195000001317
2.999919400000132
2.999919300000132
2.9999192000001322
2.9999191000001324
2.9999190000001326
2.9999189000001327
2.999918800000133
2.999918700000133
2.999918600000133
2.9999185000001334
2.9999184000001335
2.9999183000001337
2.999918200000134
2.999918100000134
2.999918000000134
2.9999179000001344
2.9999178000001345
2.9999177000001347
2.999917600000135
2.999917500000135
2.999917400000135
2.9999173000001353
2.9999172000001355
2.9999171000001357
2.999917000000136
2.999916900000136
2.999916800000136
2.9999167000001363
2.9999166000001365
2.9999165000001367
2.999916400000137
2.999916300000137
2.999916200000137
2.9999161000001373
2.9999160000001375
2.9999159000001376
2.999915800000138
2.999915700000138
2.999915600000138
2.9999155000001383
2.9999154000001385
2.9999153000001386
2.999915200000139
2.999915100000139
2.999915000000139
2.9999149000001393
2.9999148000001394
2.9999147000001396
2.9999146000001398
2.99991450000014
2.99991440000014
2.9999143000001403
2.9999142000001404
2.9999141000001406
2.9999140000001407
2.999913900000141
2.999913800000141
2.9999137000001412
2.9999136000001414
2.9999135000001416
2.9999134000001417
2.999913300000142
2.999913200000142
2.999913100000142
2.9999130000001424
2.9999129000001425
2.9999128000001427
2.999912700000143
2.999912600000143
2.999912500000143
2.9999124000001434
2.9999123000001435
2.9999122000001437
2.999912100000144
2.999912000000144
2.999911900000144
2.9999118000001443
2.9999117000001445
2.9999116000001447
2.999911500000145
2.999911400000145
2.999911300000145
2.9999112000001453
2.9999111000001455
2.9999110000001457
2.999910900000146
2.999910800000146
2.999910700000146
2.9999106000001463
2.9999105000001465
2.9999104000001466
2.999910300000147
2.999910200000147
2.999910100000147
2.9999100000001473
2.9999099000001475
2.9999098000001476
2.999909700000148
2.999909600000148
2.999909500000148
2.9999094000001483
2.9999093000001484
2.9999092000001486
2.9999091000001488
2.999909000000149
2.999908900000149
2.9999088000001493
2.9999087000001494
2.9999086000001496
2.9999085000001497
2.99990840000015
2.99990830000015
2.9999082000001502
2.9999081000001504
2.9999080000001506
2.9999079000001507
2.999907800000151
2.999907700000151
2.999907600000151
2.9999075000001514
2.9999074000001515
2.9999073000001517
2.999907200000152
2.999907100000152
2.999907000000152
2.9999069000001524
2.9999068000001525
2.9999067000001527
2.999906600000153
2.999906500000153
2.999906400000153
2.9999063000001533
2.9999062000001535
2.9999061000001537
2.999906000000154
2.999905900000154
2.999905800000154
2.9999057000001543
2.9999056000001545
2.9999055000001547
2.999905400000155
2.999905300000155
2.999905200000155
2.9999051000001553
2.9999050000001555
2.9999049000001556
2.999904800000156
2.999904700000156
2.999904600000156
2.9999045000001563
2.9999044000001565
2.9999043000001566
2.999904200000157
2.999904100000157
2.999904000000157
2.9999039000001573
2.9999038000001574
2.9999037000001576
2.9999036000001578
2.999903500000158
2.999903400000158
2.9999033000001583
2.9999032000001584
2.9999031000001586
2.9999030000001587
2.999902900000159
2.999902800000159
2.9999027000001592
2.9999026000001594
2.9999025000001596
2.9999024000001597
2.99990230000016
2.99990220000016
2.99990210000016
2.9999020000001604
2.9999019000001605
2.9999018000001607
2.999901700000161
2.999901600000161
2.999901500000161
2.9999014000001614
2.9999013000001615
2.9999012000001617
2.999901100000162
2.999901000000162
2.999900900000162
2.9999008000001623
2.9999007000001625
2.9999006000001627
2.999900500000163
2.999900400000163
2.999900300000163
2.9999002000001633
2.9999001000001635
2.9999000000001637
2.999899900000164
2.999899800000164
2.999899700000164
2.9998996000001643
2.9998995000001645
2.9998994000001646
2.999899300000165
2.999899200000165
2.999899100000165
2.9998990000001653
2.9998989000001655
2.9998988000001656
2.999898700000166
2.999898600000166
2.999898500000166
2.9998984000001663
2.9998983000001664
2.9998982000001666
2.9998981000001668
2.999898000000167
2.999897900000167
2.9998978000001673
2.9998977000001674
2.9998976000001676
2.9998975000001677
2.999897400000168
2.999897300000168
2.9998972000001682
2.9998971000001684
2.9998970000001686
2.9998969000001687
2.999896800000169
2.999896700000169
2.9998966000001692
2.9998965000001694
2.9998964000001695
2.9998963000001697
2.99989620000017
2.99989610000017
2.99989600000017
2.9998959000001704
2.9998958000001705
2.9998957000001707
2.999895600000171
2.999895500000171
2.999895400000171
2.9998953000001713
2.9998952000001715
2.9998951000001717
2.999895000000172
2.999894900000172
2.999894800000172
2.9998947000001723
2.9998946000001725
2.9998945000001727
2.999894400000173
2.999894300000173
2.999894200000173
2.9998941000001733
2.9998940000001735
2.9998939000001736
2.999893800000174
2.999893700000174
2.999893600000174
2.9998935000001743
2.9998934000001745
2.9998933000001746
2.999893200000175
2.999893100000175
2.999893000000175
2.9998929000001753
2.9998928000001754
2.9998927000001756
2.9998926000001758
2.999892500000176
2.999892400000176
2.9998923000001763
2.9998922000001764
2.9998921000001766
2.9998920000001768
2.999891900000177
2.999891800000177
2.9998917000001772
2.9998916000001774
2.9998915000001776
2.9998914000001777
2.999891300000178
2.999891200000178
2.9998911000001782
2.9998910000001784
2.9998909000001786
2.9998908000001787
2.999890700000179
2.999890600000179
2.999890500000179
2.9998904000001794
2.9998903000001795
2.9998902000001797
2.99989010000018
2.99989000000018
2.99988990000018
2.9998898000001804
2.9998897000001805
2.9998896000001807
2.999889500000181
2.999889400000181
2.999889300000181
2.9998892000001813
2.9998891000001815
2.9998890000001817
2.999888900000182
2.999888800000182
2.999888700000182
2.9998886000001823
2.9998885000001825
2.9998884000001826
2.999888300000183
2.999888200000183
2.999888100000183
2.9998880000001833
2.9998879000001835
2.9998878000001836
2.999887700000184
2.999887600000184
2.999887500000184
2.9998874000001843
2.9998873000001844
2.9998872000001846
2.9998871000001848
2.999887000000185
2.999886900000185
2.9998868000001853
2.9998867000001854
2.9998866000001856
2.9998865000001858
2.999886400000186
2.999886300000186
2.9998862000001862
2.9998861000001864
2.9998860000001866
2.9998859000001867
2.999885800000187
2.999885700000187
2.9998856000001872
2.9998855000001874
2.9998854000001876
2.9998853000001877
2.999885200000188
2.999885100000188
2.999885000000188
2.9998849000001884
2.9998848000001885
2.9998847000001887
2.999884600000189
2.999884500000189
2.999884400000189
2.9998843000001894
2.9998842000001895
2.9998841000001897
2.99988400000019
2.99988390000019
2.99988380000019
2.9998837000001903
2.9998836000001905
2.9998835000001907
2.999883400000191
2.999883300000191
2.999883200000191
2.9998831000001913
2.9998830000001915
2.9998829000001916
2.999882800000192
2.999882700000192
2.999882600000192
2.9998825000001923
2.9998824000001925
2.9998823000001926
2.999882200000193
2.999882100000193
2.999882000000193
2.9998819000001933
2.9998818000001934
2.9998817000001936
2.9998816000001938
2.999881500000194
2.999881400000194
2.9998813000001943
2.9998812000001944
2.9998811000001946
2.9998810000001948
2.999880900000195
2.999880800000195
2.9998807000001952
2.9998806000001954
2.9998805000001956
2.9998804000001957
2.999880300000196
2.999880200000196
2.9998801000001962
2.9998800000001964
2.9998799000001966
2.9998798000001967
2.999879700000197
2.999879600000197
2.999879500000197
2.9998794000001974
2.9998793000001975
2.9998792000001977
2.999879100000198
2.999879000000198
2.999878900000198
2.9998788000001984
2.9998787000001985
2.9998786000001987
2.999878500000199
2.999878400000199
2.999878300000199
2.9998782000001993
2.9998781000001995
2.9998780000001997
2.9998779000002
2.9998778000002
2.9998777000002
2.9998776000002003
2.9998775000002005
2.9998774000002006
2.999877300000201
2.999877200000201
2.999877100000201
2.9998770000002013
2.9998769000002015
2.9998768000002016
2.999876700000202
2.999876600000202
2.999876500000202
2.9998764000002023
2.9998763000002024
2.9998762000002026
2.9998761000002028
2.999876000000203
2.999875900000203
2.9998758000002033
2.9998757000002034
2.9998756000002036
2.9998755000002038
2.999875400000204
2.999875300000204
2.9998752000002042
2.9998751000002044
2.9998750000002046
2.9998749000002047
2.999874800000205
2.999874700000205
2.9998746000002052
2.9998745000002054
2.9998744000002056
2.9998743000002057
2.999874200000206
2.999874100000206
2.999874000000206
2.9998739000002064
2.9998738000002065
2.9998737000002067
2.999873600000207
2.999873500000207
2.999873400000207
2.9998733000002074
2.9998732000002075
2.9998731000002077
2.999873000000208
2.999872900000208
2.999872800000208
2.9998727000002083
2.9998726000002085
2.9998725000002087
2.999872400000209
2.999872300000209
2.999872200000209
2.9998721000002093
2.9998720000002095
2.9998719000002096
2.99987180000021
2.99987170000021
2.99987160000021
2.9998715000002103
2.9998714000002105
2.9998713000002106
2.999871200000211
2.999871100000211
2.999871000000211
2.9998709000002113
2.9998708000002114
2.9998707000002116
2.9998706000002118
2.999870500000212
2.999870400000212
2.9998703000002123
2.9998702000002124
2.9998701000002126
2.9998700000002128