3
1.0
3.0
1.0
1.2
1.4
1.5999999999999999
1.7999999999999998
1.9999999999999998
2.1999999999999997
2.4
2.6
2.4
2.6
2.4
2.6
2.4
2.6
2.4
2.6
2.4
2.6
2.4
2.6
2.4
2.6
2.4
2.6
2.4
2.6
2.4
2.6
2.4
2.6
2.4
2.6
2.4
2.6
2.4
2.6
2.4
2.6
2.4
2.6
2.4
2.6
2.4
2.6
2.4
2.6
2.4
2.6
2.4
2.6
2.4
2.6
2.4
2.6
2.4
2.6
2.4
2.6
2.4
2.6
2.4
2.6
2.4
2.6
2.4
2.6
2.4
2.6
2.4
2.6
2.4
2.6
2.4
2.6
2.4
2.6
2.4
2.6
2.4
2.6
2.4
2.6
2.4
2.6
2.4
2.6
2.4
2.6
2.4
2.6
2.4
2.6
2.4
2.6
2.4
2.6
2.4
2.6
2.4
2.6
2.4
2.6
2.4
2.6
2.4
2.6
2.4
2.6
2.4
2.6
2.4
2.6
2.4
2.6
2.4
2.6
2.4
2.6
2.4
2.6
2.4
2.6
2.4
2.6
2.4
2.6
2.4
2.6
2.4
2.6
2.4
2.6
2.4
2.6
2.4
2.6
2.4
2.6
2.4
2.6
2.4
2.6
2.4
2.6
2.4
2.6
2.4
2.6
2.4
2.6
2.4
2.6
2.4
2.6
2.4
2.6
2.4
2.6
2.4
2.6
2.4
2.6
2.4
2.6
2.4
2.6
2.4
2.6
2.4
2.6
2.4
2.6
2.4
2.6
2.4
2.6
2.4
2.6
2.4
2.6
2.4
2.6
2.4
2.6
2.4
2.6
2.4
2.6
2.4
2.6
2.4
2.6
2.4
2.6
2.4
2.6
2.4
2.6
2.4
2.6
2.4
2.6
2.4