HAND-WIN%-TOTALWINS-TOTALLOSS-TOTALDRAWS
['1414', 84.52, 7660, 1403, 0]
['1313', 81.13, 7159, 1665, 0]
['1212', 79.07, 7104, 1881, 0]
['1111', 76.17, 6832, 2137, 0]
['1010', 74.08, 6738, 2358, 0]
['0909', 70.26, 6419, 2717, 0]
['0808', 67.24, 6162, 3002, 0]
['1314s', 66.74, 4054, 2020, 0]
['0707', 65.82, 6038, 3136, 0]
['1214s', 65.78, 3970, 2065, 0]
['1314', 65.1, 11822, 6337, 0]
['1014s', 64.72, 3880, 2115, 0]
['1114s', 64.56, 3952, 2169, 0]
['1214', 64.29, 11616, 6453, 0]
['1114', 63.56, 11332, 6498, 0]
['1014', 63.32, 11348, 6573, 0]
['0914s', 63.05, 3785, 2218, 0]
['1213s', 62.94, 3826, 2253, 0]
['0814s', 62.69, 3828, 2278, 0]
['1113s', 62.63, 3763, 2245, 0]
['0606', 62.51, 5666, 3398, 0]
['1013s', 62.13, 3713, 2263, 0]
['1213', 61.67, 11240, 6985, 0]
['0714s', 61.21, 3719, 2357, 0]
['0914', 60.76, 11009, 7109, 0]
['1112s', 60.48, 3639, 2378, 0]
['0913s', 60.32, 3651, 2402, 0]
['0814', 60.28, 10949, 7216, 0]
['1113', 60.2, 10895, 7203, 0]
['0514s', 60.07, 3654, 2429, 0]
['0614s', 59.87, 3505, 2349, 0]
['0714', 59.71, 10851, 7323, 0]
['0414s', 59.65, 3621, 2449, 0]
['1013', 59.41, 10692, 7305, 0]
['1012s', 59.32, 3623, 2485, 0]
['0505', 58.82, 5328, 3730, 0]
['0813s', 58.6, 3423, 2418, 0]
['0713s', 58.38, 3538, 2522, 0]
['0314s', 58.35, 3558, 2540, 0]
['0214s', 58.2, 3517, 2526, 0]
['0514', 58.2, 10641, 7642, 0]
['1112', 58.03, 10495, 7591, 0]
['0614', 57.72, 10534, 7717, 0]
['0912s', 57.7, 3395, 2489, 0]
['0913', 57.68, 10400, 7630, 0]
['1011s', 57.64, 3446, 2532, 0]
['1012', 56.95, 10324, 7803, 0]
['0513s', 56.46, 3356, 2588, 0]
['0314', 56.45, 10272, 7926, 0]
['0404', 56.44, 5104, 3939, 0]
['0813', 56.33, 10231, 7933, 0]
['0414', 56.3, 10244, 7951, 0]
['0911s', 56.02, 3399, 2668, 0]
['0613s', 55.76, 3355, 2662, 0]
['0912', 55.7, 10153, 8076, 0]
['0713', 55.53, 9926, 7949, 0]
['0812s', 55.48, 3314, 2659, 0]
['1011', 55.0, 10075, 8243, 0]
['0413s', 54.91, 3244, 2664, 0]
['0613', 54.78, 9799, 8090, 0]
['0214', 54.68, 9999, 8289, 0]
['0712s', 54.44, 3373, 2823, 0]
['0811s', 54.31, 3286, 2765, 0]
['0910s', 54.04, 3251, 2765, 0]
['0812', 53.93, 9787, 8360, 0]
['0612s', 53.84, 3292, 2822, 0]
['0313s', 53.8, 3287, 2823, 0]
['0513', 53.64, 9668, 8355, 0]
['0213s', 53.63, 3260, 2819, 0]
['0303', 52.83, 4824, 4308, 0]
['0911', 52.45, 9539, 8647, 0]
['0711s', 52.4, 3090, 2807, 0]
['0413', 52.33, 9553, 8703, 0]
['0412s', 52.31, 3130, 2854, 0]
['0512s', 52.27, 3077, 2810, 0]
['0712', 52.19, 9504, 8708, 0]
['0810s', 51.9, 3116, 2888, 0]
['0811', 51.89, 9417, 8731, 0]
['0910', 51.56, 9308, 8744, 0]
['0612', 51.55, 9271, 8712, 0]
['0313', 51.33, 9247, 8768, 0]
['0213', 50.96, 9209, 8861, 0]
['0809s', 50.68, 3047, 2965, 0]
['0312s', 50.66, 3038, 2959, 0]
['0710s', 50.19, 2982, 2960, 0]
['0810', 50.16, 9072, 9013, 0]
['0512', 50.13, 9138, 9091, 0]
['0202', 50.03, 4604, 4598, 0]
['0212s', 49.94, 3008, 3015, 0]
['0711', 49.9, 9071, 9108, 0]
['0611s', 49.53, 3009, 3066, 0]
['0809', 49.1, 8879, 9206, 0]
['0412', 49.09, 8900, 9231, 0]
['0709s', 49.08, 2992, 3104, 0]
['0610s', 48.96, 3000, 3127, 0]
['0511s', 48.85, 3007, 3149, 0]
['0411s', 48.23, 2904, 3117, 0]
['0312', 47.97, 8750, 9492, 0]
['0609s', 47.95, 2902, 3150, 0]
['0212', 47.91, 8658, 9412, 0]
['0611', 47.75, 8527, 9329, 0]
['0311s', 47.58, 2872, 3164, 0]
['0710', 47.49, 8623, 9533, 0]
['0510s', 47.23, 2843, 3176, 0]
['0211s', 47.06, 2861, 3219, 0]
['0708s', 46.71, 2845, 3246, 0]
['0709', 46.68, 8513, 9725, 0]
['0511', 46.66, 8490, 9707, 0]
['0610', 46.6, 8429, 9659, 0]
['0607s', 46.49, 2784, 3204, 0]
['0608s', 46.45, 2769, 3192, 0]
['0411', 46.18, 8402, 9791, 0]
['0310s', 45.86, 2716, 3207, 0]
['0410s', 45.76, 2742, 3250, 0]
['0509s', 45.75, 2759, 3272, 0]
['0311', 45.5, 8251, 9884, 0]
['0708', 45.02, 8172, 9978, 0]
['0609', 44.9, 8148, 9999, 0]
['0210s', 44.65, 2702, 3349, 0]
['0508s', 44.52, 2642, 3292, 0]
['0211', 44.44, 7990, 9989, 0]
['0507s', 44.44, 2646, 3308, 0]
['0510', 44.36, 8059, 10109, 0]
['0409s', 43.95, 2603, 3319, 0]
['0506s', 43.77, 2624, 3371, 0]
['0410', 43.48, 7824, 10169, 0]
['0309s', 43.16, 2593, 3415, 0]
['0408s', 42.98, 2593, 3440, 0]
['0310', 42.86, 7711, 10279, 0]
['0608', 42.85, 7727, 10307, 0]
['0509', 42.65, 7717, 10378, 0]
['0607', 42.18, 7617, 10442, 0]
['0209s', 42.16, 2522, 3460, 0]
['0210', 42.1, 7645, 10512, 0]
['0508', 41.75, 7595, 10596, 0]
['0407s', 41.08, 2491, 3573, 0]
['0307s', 40.96, 2460, 3546, 0]
['0405s', 40.93, 2431, 3508, 0]
['0507', 40.79, 7305, 10605, 0]
['0308s', 40.77, 2428, 3527, 0]
['0409', 40.74, 7358, 10701, 0]
['0208s', 40.33, 2436, 3604, 0]
['0309', 40.18, 7333, 10916, 0]
['0406s', 40.18, 2403, 3577, 0]
['0506', 39.79, 7172, 10851, 0]
['0304s', 39.57, 2385, 3643, 0]
['0305s', 39.23, 2339, 3624, 0]
['0408', 39.0, 7000, 10950, 0]
['0209', 38.95, 7093, 11117, 0]
['0207s', 38.73, 2319, 3669, 0]
['0407', 38.64, 7046, 11190, 0]
['0306s', 38.59, 2332, 3711, 0]
['0205s', 38.31, 2265, 3648, 0]
['0405', 38.3, 6955, 11206, 0]
['0406', 38.11, 6816, 11070, 0]
['0206s', 37.49, 2218, 3698, 0]
['0204s', 37.48, 2286, 3813, 0]
['0308', 37.18, 6702, 11325, 0]
['0208', 36.8, 6701, 11507, 0]
['0305', 36.54, 6644, 11539, 0]
['0307', 36.37, 6591, 11532, 0]
['0306', 36.09, 6575, 11641, 0]
['0304', 35.72, 6515, 11723, 0]
['0203s', 35.53, 2169, 3936, 0]
['0205', 34.51, 6226, 11814, 0]
['0207', 34.47, 6240, 11864, 0]
['0206', 34.29, 6116, 11718, 0]
['0204', 33.12, 6064, 12245, 0]
['0203', 31.93, 5795, 12352, 0]
