HAND-WIN%-TOTALWINS-TOTALLOSS-TOTALDRAWS
['1414', 84.84, 7729, 1381, 0]
['1313', 82.11, 7310, 1593, 0]
['1212', 78.27, 7059, 1960, 0]
['1111', 76.5, 6857, 2106, 0]
['1010', 73.62, 6676, 2392, 0]
['0909', 71.34, 6494, 2609, 0]
['0808', 68.21, 6113, 2849, 0]
['1214s', 66.77, 3995, 1988, 0]
['1314s', 65.71, 3980, 2077, 0]
['1314', 65.33, 11805, 6264, 0]
['1114s', 65.21, 4022, 2146, 0]
['0707', 64.7, 5832, 3182, 0]
['1014s', 64.51, 3905, 2148, 0]
['1214', 64.5, 11801, 6495, 0]
['1114', 63.59, 11427, 6543, 0]
['1213s', 63.34, 3848, 2227, 0]
['0814s', 62.94, 3852, 2268, 0]
['1113s', 62.68, 3907, 2326, 0]
['0914s', 62.63, 3709, 2213, 0]
['1014', 62.37, 11337, 6841, 0]
['0606', 61.8, 5464, 3377, 0]
['0714s', 61.6, 3714, 2315, 0]
['1013s', 61.55, 3769, 2354, 0]
['1213', 61.22, 11134, 7054, 0]
['0914', 61.02, 11134, 7113, 0]
['1113', 60.81, 10915, 7033, 0]
['0514s', 60.8, 3693, 2381, 0]
['0913s', 60.55, 3580, 2332, 0]
['0614s', 60.22, 3608, 2383, 0]
['0814', 60.19, 10749, 7110, 0]
['1112s', 59.7, 3591, 2424, 0]
['0414s', 59.62, 3626, 2456, 0]
['1013', 59.62, 10745, 7277, 0]
['0714', 59.44, 10792, 7364, 0]
['1112', 59.13, 10658, 7366, 0]
['0505', 59.1, 5415, 3748, 0]
['1012s', 58.62, 3640, 2569, 0]
['0713s', 58.52, 3610, 2559, 0]
['0913', 58.16, 10628, 7646, 0]
['0514', 58.0, 10507, 7608, 0]
['0813s', 57.92, 3500, 2543, 0]
['0912s', 57.89, 3448, 2508, 0]
['0614', 57.68, 10560, 7748, 0]
['0314s', 57.62, 3520, 2589, 0]
['0812s', 57.55, 3468, 2558, 0]
['0214s', 57.45, 3403, 2520, 0]
['1011s', 57.15, 3499, 2623, 0]
['1012', 56.93, 10304, 7794, 0]
['0513s', 56.85, 3473, 2636, 0]
['0911s', 56.65, 3411, 2610, 0]
['0613s', 56.32, 3400, 2637, 0]
['0414', 56.29, 10140, 7873, 0]
['0813', 56.26, 10226, 7951, 0]
['0314', 55.96, 10119, 7964, 0]
['1011', 55.57, 10175, 8135, 0]
['0404', 55.51, 4970, 3983, 0]
['0912', 55.24, 10020, 8118, 0]
['0713', 55.2, 9901, 8035, 0]
['0413s', 54.87, 3336, 2744, 0]
['0712s', 54.75, 3297, 2725, 0]
['0214', 54.49, 9874, 8247, 0]
['0613', 54.39, 9828, 8241, 0]
['0811s', 54.37, 3171, 2661, 0]
['0313s', 54.06, 3229, 2744, 0]
['0812', 53.91, 9743, 8331, 0]
['0911', 53.67, 9708, 8380, 0]
['0513', 53.48, 9786, 8513, 0]
['0512s', 53.3, 3121, 2735, 0]
['0711s', 53.27, 3196, 2804, 0]
['0910s', 52.72, 3137, 2813, 0]
['0612s', 52.62, 3179, 2863, 0]
['0413', 52.56, 9446, 8526, 0]
['0810s', 52.52, 3142, 2840, 0]
['0213s', 52.29, 3167, 2890, 0]
['0303', 52.28, 4725, 4313, 0]
['0910', 51.94, 9496, 8785, 0]
['0712', 51.87, 9496, 8813, 0]
['0313', 51.78, 9252, 8615, 0]
['0811', 51.61, 9400, 8812, 0]
['0412s', 51.48, 3126, 2946, 0]
['0611s', 51.21, 3100, 2954, 0]
['0710s', 51.05, 3075, 2949, 0]
['0312s', 51.0, 3071, 2950, 0]
['0511s', 50.98, 3072, 2954, 0]
['0612', 50.71, 9297, 9036, 0]
['0512', 50.54, 9191, 8995, 0]
['0213', 50.38, 9108, 8970, 0]
['0809s', 50.37, 3050, 3005, 0]
['0810', 49.94, 8960, 8980, 0]
['0202', 49.87, 4410, 4433, 0]
['0212s', 49.73, 3021, 3054, 0]
['0709s', 49.42, 3012, 3083, 0]
['0412', 49.21, 8826, 9109, 0]
['0411s', 49.04, 3065, 3185, 0]
['0711', 48.94, 8849, 9232, 0]
['0311s', 48.86, 2946, 3084, 0]
['0312', 48.04, 8894, 9618, 0]
['0610s', 47.91, 2950, 3208, 0]
['0609s', 47.7, 2889, 3168, 0]
['0710', 47.6, 8602, 9468, 0]
['0809', 47.45, 8505, 9418, 0]
['0611', 47.42, 8554, 9486, 0]
['0212', 47.37, 8626, 9585, 0]
['0511', 47.29, 8546, 9524, 0]
['0709', 47.07, 8539, 9603, 0]
['0708s', 46.8, 2850, 3240, 0]
['0211s', 46.79, 2844, 3234, 0]
['0510s', 46.69, 2808, 3206, 0]
['0411', 46.52, 8454, 9720, 0]
['0410s', 46.41, 2835, 3274, 0]
['0610', 46.35, 8335, 9647, 0]
['0608s', 46.13, 2750, 3211, 0]
['0509s', 45.92, 2723, 3207, 0]
['0607s', 45.75, 2758, 3270, 0]
['0310s', 45.67, 2728, 3245, 0]
['0311', 45.35, 8270, 9965, 0]
['0609', 45.18, 8137, 9875, 0]
['0708', 45.1, 8135, 9904, 0]
['0508s', 45.09, 2766, 3368, 0]
['0510', 44.42, 8007, 10020, 0]
['0210s', 44.22, 2615, 3299, 0]
['0211', 43.83, 7867, 10080, 0]
['0507s', 43.28, 2547, 3338, 0]
['0309s', 43.21, 2674, 3514, 0]
['0410', 43.19, 7875, 10359, 0]
['0409s', 43.02, 2547, 3374, 0]
['0506s', 42.92, 2572, 3420, 0]
['0509', 42.9, 7808, 10394, 0]
['0608', 42.77, 7722, 10331, 0]
['0310', 42.64, 7702, 10361, 0]
['0408s', 42.62, 2519, 3391, 0]
['0407s', 42.4, 2591, 3520, 0]
['0607', 42.33, 7610, 10368, 0]
['0209s', 42.26, 2484, 3394, 0]
['0508', 41.96, 7521, 10403, 0]
['0210', 41.62, 7658, 10740, 0]
['0409', 40.98, 7470, 10759, 0]
['0406s', 40.89, 2410, 3484, 0]
['0405s', 40.46, 2480, 3649, 0]
['0308s', 40.33, 2457, 3635, 0]
['0208s', 40.24, 2401, 3566, 0]
['0305s', 40.17, 2447, 3645, 0]
['0309', 40.17, 7299, 10870, 0]
['0507', 40.15, 7225, 10771, 0]
['0506', 39.99, 7198, 10802, 0]
['0304s', 39.8, 2344, 3545, 0]
['0408', 39.49, 7053, 10806, 0]
['0307s', 39.33, 2421, 3734, 0]
['0306s', 39.28, 2372, 3667, 0]
['0209', 39.23, 7101, 11000, 0]
['0407', 38.93, 7063, 11080, 0]
['0207s', 38.73, 2312, 3658, 0]
['0205s', 38.38, 2323, 3729, 0]
['0405', 38.27, 6930, 11178, 0]
['0206s', 38.09, 2361, 3837, 0]
['0406', 37.99, 6895, 11255, 0]
['0308', 37.61, 6810, 11299, 0]
['0204s', 37.48, 2216, 3696, 0]
['0307', 37.0, 6619, 11270, 0]
['0306', 36.49, 6613, 11508, 0]
['0208', 36.4, 6589, 11511, 0]
['0305', 36.31, 6639, 11644, 0]
['0304', 35.28, 6462, 11856, 0]
['0203s', 35.25, 2119, 3892, 0]
['0207', 35.12, 6303, 11646, 0]
['0205', 34.15, 6177, 11912, 0]
['0206', 33.98, 6146, 11942, 0]
['0204', 33.18, 5944, 11971, 0]
['0203', 32.6, 5909, 12217, 0]
