[479356, 'XIAOMI', 148, 3.035597562789917]
[479505, 'XIAOMI', 197, 4.087124347686768]
[479703, 'XIAOMI', 187, 4.091724872589111]
[479891, 'XIAOMI', 2176, 39.17324352264404]
[482068, 'XIAOMI', 1903, 53.22550630569458]
[483972, 'XIAOMI', 2042, 42.09216070175171]
[486015, 'XIAOMI', 2090, 43.35810852050781]
[488106, 'XIAOMI', 1934, 37.56198334693909]
[490041, 'XIAOMI', 2249, 43.36000943183899]
[492291, 'XIAOMI', 1940, 37.65040063858032]
[494232, 'XIAOMI', 2056, 39.88281869888306]
[496289, 'XIAOMI', 2170, 42.228832960128784]
[498460, 'XIAOMI', 2164, 42.31199049949646]
[500625, 'XIAOMI', 2165, 42.71514654159546]
[502791, 'XIAOMI', 2267, 44.78554844856262]
[505059, 'XIAOMI', 2103, 44.43328332901001]
[507163, 'XIAOMI', 2029, 45.402525663375854]
[509193, 'XIAOMI', 2487, 51.180965185165405]
[511681, 'XIAOMI', 1970, 40.05103516578674]
[513652, 'XIAOMI', 1916, 39.45295214653015]
[515569, 'XIAOMI', 1965, 40.33986282348633]
[517535, 'XIAOMI', 2047, 41.6160204410553]
[519583, 'XIAOMI', 2115, 43.82897663116455]
[521699, 'XIAOMI', 2032, 42.944568157196045]
[523732, 'XIAOMI', 2283, 46.76916456222534]
[528181, 'XIAOMI', 2172, 45.47834539413452]
[530354, 'XIAOMI', 2113, 53.47925639152527]
[532468, 'XIAOMI', 2305, 87.05672526359558]
[534774, 'XIAOMI', 2268, 86.12181854248047]
[537043, 'XIAOMI', 2198, 83.99826455116272]
[539242, 'XIAOMI', 2464, 94.31358075141907]
[541707, 'XIAOMI', 1970, 76.00286531448364]
[543678, 'XIAOMI', 2375, 92.11488795280457]
[546054, 'XIAOMI', 2246, 87.08286738395691]
[548301, 'XIAOMI', 1966, 76.16091418266296]
[550268, 'XIAOMI', 2202, 86.55043029785156]
[554704, 'XIAOMI', 2084, 44.781476736068726]
[556789, 'XIAOMI', 2342, 65.74999451637268]
[559132, 'GAMINGPC', 2347, 47.4331750869751]
[561480, 'GAMINGPC', 2285, 46.61266303062439]
[563766, 'GAMINGPC', 2245, 46.443767070770264]
[566012, 'GAMINGPC', 1940, 38.7358763217926]
[567953, 'GAMINGPC', 2171, 43.410480260849]