[10000, 0.39]
[20000, 0.405]
[30000, 0.41]
[40000, 0.4375]
[50000, 0.45]
[60000, 0.435]
[70000, 0.4328571428571429]
[80000, 0.4275]
[90000, 0.42333333333333334]
[100000, 0.428]
[110000, 0.43]
[120000, 0.4325]
[130000, 0.4346153846153846]
[140000, 0.4357142857142857]
[150000, 0.436]
[160000, 0.435]
[170000, 0.44058823529411767]
[180000, 0.44055555555555553]
[190000, 0.4368421052631579]
[200000, 0.44]
[210000, 0.44571428571428573]
[220000, 0.44272727272727275]
[230000, 0.44217391304347825]
[240000, 0.44083333333333335]
[250000, 0.4372]
[260000, 0.4376923076923077]
[270000, 0.43296296296296294]
[280000, 0.4317857142857143]
[290000, 0.43275862068965515]
[300000, 0.43233333333333335]
[310000, 0.4325806451612903]
[320000, 0.4309375]
[330000, 0.4351515151515152]
[340000, 0.4388235294117647]
[350000, 0.4417142857142857]
[360000, 0.4436111111111111]
[370000, 0.44513513513513514]
[380000, 0.44552631578947366]
[390000, 0.448974358974359]
[400000, 0.4495]
[410000, 0.44902439024390245]
[420000, 0.44904761904761903]
[430000, 0.45046511627906977]
[440000, 0.45295454545454544]
[450000, 0.45311111111111113]
[460000, 0.4519565217391304]
[470000, 0.45063829787234044]
[480000, 0.4510416666666667]
[490000, 0.45183673469387753]
[500000, 0.449]
[510000, 0.44745098039215686]
[520000, 0.4486538461538462]
[530000, 0.44981132075471697]
[540000, 0.44962962962962966]
[550000, 0.44945454545454544]
[560000, 0.45053571428571426]
[570000, 0.447719298245614]
[580000, 0.4460344827586207]
[590000, 0.44593220338983053]
[600000, 0.446]
[610000, 0.4459016393442623]
[620000, 0.44516129032258067]
[630000, 0.4438095238095238]
[640000, 0.44203125]
[650000, 0.44184615384615383]
[660000, 0.44242424242424244]
[670000, 0.44238805970149253]
[680000, 0.44338235294117645]
[690000, 0.4428985507246377]
[700000, 0.44385714285714284]
[710000, 0.44549295774647885]
[720000, 0.44722222222222224]
[730000, 0.446986301369863]
[740000, 0.44756756756756755]
[750000, 0.44866666666666666]
[760000, 0.44855263157894737]
[770000, 0.4494805194805195]
[780000, 0.4483333333333333]
[790000, 0.4491139240506329]
[800000, 0.449875]
[810000, 0.4491358024691358]
[820000, 0.4503658536585366]
[830000, 0.44951807228915663]
[840000, 0.44976190476190475]
[850000, 0.45035294117647057]
[860000, 0.45058139534883723]
[870000, 0.4520689655172414]
[880000, 0.45193181818181816]
[890000, 0.4508988764044944]
[900000, 0.452]
[910000, 0.45252747252747255]
[920000, 0.4518478260869565]
[930000, 0.45268817204301076]
[940000, 0.4524468085106383]
[950000, 0.4515789473684211]
[960000, 0.44979166666666665]
[970000, 0.44938144329896906]
[980000, 0.4490816326530612]
[990000, 0.4493939393939394]
[1000000, 0.449]
[1010000, 0.4491089108910891]
[1020000, 0.44862745098039214]
[1030000, 0.4488349514563107]
[1040000, 0.44932692307692307]
[1050000, 0.4481904761904762]
[1060000, 0.4480188679245283]
[1070000, 0.44738317757009344]
[1080000, 0.44787037037037036]
[1090000, 0.4492660550458716]
[1100000, 0.4495454545454545]
[1110000, 0.44873873873873876]
[1120000, 0.44955357142857144]
[1130000, 0.45017699115044246]
[1140000, 0.45105263157894737]
[1150000, 0.4509565217391304]
[1160000, 0.45189655172413795]
[1170000, 0.4518803418803419]
[1180000, 0.451864406779661]
[1190000, 0.4515126050420168]
[1200000, 0.452]
[1210000, 0.4521487603305785]
[1220000, 0.45229508196721313]
[1230000, 0.45235772357723575]
[1240000, 0.4526612903225806]
[1250000, 0.45304]
[1260000, 0.4530952380952381]
[1270000, 0.4528346456692913]
[1280000, 0.452578125]
[1290000, 0.4531782945736434]
[1300000, 0.4520769230769231]
[1310000, 0.45244274809160306]
[1320000, 0.4528030303030303]
[1330000, 0.45285714285714285]
[1340000, 0.4528358208955224]
[1350000, 0.4533333333333333]
[1360000, 0.45323529411764707]
[1370000, 0.45328467153284674]
[1380000, 0.4529710144927536]
[1390000, 0.45323741007194246]
[1400000, 0.4532857142857143]
[1410000, 0.4526241134751773]
[1420000, 0.45267605633802815]
[1430000, 0.45286713286713287]
[1440000, 0.4529861111111111]
[1450000, 0.4533793103448276]
[1460000, 0.45280821917808217]
[1470000, 0.45312925170068025]
[1480000, 0.4527027027027027]
[1490000, 0.4526845637583893]
[1500000, 0.4524]
[1510000, 0.45245033112582783]
[1520000, 0.45243421052631577]
[1530000, 0.4528758169934641]
[1540000, 0.4527922077922078]
[1550000, 0.45238709677419353]
[1560000, 0.4521794871794872]
[1570000, 0.45171974522292996]
[1580000, 0.45234177215189875]
[1590000, 0.4527672955974843]
[1600000, 0.452625]
[1610000, 0.453416149068323]
[1620000, 0.45351851851851854]
[1630000, 0.45355828220858896]
[1640000, 0.45371951219512197]
[1650000, 0.4547272727272727]
[1660000, 0.4544578313253012]
[1670000, 0.45461077844311376]
[1680000, 0.45458333333333334]
[1690000, 0.4540828402366864]
[1700000, 0.454]
[1710000, 0.45380116959064326]
[1720000, 0.45395348837209304]
[1730000, 0.4542196531791908]
[1740000, 0.45459770114942527]
[1750000, 0.45462857142857144]
[1760000, 0.45420454545454547]
[1770000, 0.45401129943502827]
[1780000, 0.45410112359550564]
[1790000, 0.4542458100558659]
[1800000, 0.4538333333333333]
[1810000, 0.4532596685082873]
[1820000, 0.4533516483516484]
[1830000, 0.4533879781420765]
[1840000, 0.45353260869565215]
[1850000, 0.45437837837837836]
[1860000, 0.4549462365591398]
[1870000, 0.45545454545454545]
[1880000, 0.45537234042553193]
[1890000, 0.4550793650793651]
[1900000, 0.4547894736842105]
[1910000, 0.4545026178010471]
[1920000, 0.4544270833333333]
[1930000, 0.4540414507772021]
[1940000, 0.4534020618556701]
[1950000, 0.4533846153846154]
[1960000, 0.4523979591836735]
[1970000, 0.45284263959390864]
[1980000, 0.4528787878787879]
[1990000, 0.452713567839196]
[2000000, 0.45225]
[2010000, 0.4525373134328358]
[2020000, 0.45252475247524754]
[2030000, 0.45241379310344826]
[2040000, 0.4526470588235294]
[2050000, 0.4522439024390244]
[2060000, 0.4521359223300971]
[2070000, 0.45231884057971017]
[2080000, 0.45240384615384616]
[2090000, 0.45229665071770336]
[2100000, 0.45257142857142857]
[2110000, 0.45293838862559244]
[2120000, 0.45297169811320753]
[2130000, 0.4531924882629108]
[2140000, 0.45289719626168223]
[2150000, 0.4531627906976744]
[2160000, 0.45337962962962963]
[2170000, 0.45308755760368663]
[2180000, 0.45307339449541284]
[2190000, 0.45360730593607307]
[2200000, 0.4532272727272727]
[2210000, 0.4541176470588235]
[2220000, 0.4536036036036036]
[2230000, 0.45309417040358746]
[2240000, 0.45267857142857143]
[2250000, 0.4530222222222222]
[2260000, 0.4534070796460177]
[2270000, 0.4536123348017621]
[2280000, 0.45399122807017545]
[2290000, 0.4545414847161572]
[2300000, 0.4543478260869565]
[2310000, 0.45406926406926407]
[2320000, 0.45357758620689653]
[2330000, 0.4537768240343348]
[2340000, 0.45346153846153847]
[2350000, 0.45370212765957446]
[2360000, 0.4531779661016949]
[2370000, 0.45345991561181437]
[2380000, 0.4534453781512605]
[2390000, 0.45334728033472804]
[2400000, 0.4534166666666667]
[2410000, 0.4532365145228216]
[2420000, 0.45347107438016526]
[2430000, 0.4534979423868313]
[2440000, 0.4534016393442623]
[2450000, 0.45355102040816325]
[2460000, 0.4533333333333333]
[2470000, 0.45352226720647776]
[2480000, 0.45391129032258065]
[2490000, 0.4536947791164659]
[2500000, 0.454]
[2510000, 0.4541035856573705]
[2520000, 0.4538888888888889]
[2530000, 0.4540711462450593]
[2540000, 0.4539763779527559]
[2550000, 0.453921568627451]
[2560000, 0.453671875]
[2570000, 0.4539299610894942]
[2580000, 0.4536434108527132]
[2590000, 0.45378378378378376]
[2600000, 0.45396153846153847]
[2610000, 0.45406130268199235]
[2620000, 0.4543129770992366]
[2630000, 0.45425855513307983]
[2640000, 0.4539393939393939]
[2650000, 0.4541509433962264]
[2660000, 0.45394736842105265]
[2670000, 0.45400749063670415]
[2680000, 0.45365671641791044]
[2690000, 0.45356877323420075]
[2700000, 0.4537407407407407]
[2710000, 0.45354243542435424]
[2720000, 0.4536029411764706]
[2730000, 0.45384615384615384]
[2740000, 0.4541970802919708]
[2750000, 0.45425454545454547]
[2760000, 0.45431159420289857]
[2770000, 0.45447653429602886]
[2780000, 0.4547841726618705]
[2790000, 0.4549820788530466]
[2800000, 0.4549285714285714]
[2810000, 0.45476868327402137]
[2820000, 0.45475177304964537]
[2830000, 0.4549469964664311]
[2840000, 0.45461267605633804]
[2850000, 0.45449122807017545]
[2860000, 0.4547902097902098]
[2870000, 0.4547735191637631]
[2880000, 0.4542361111111111]
[2890000, 0.4544982698961938]
[2900000, 0.45417241379310347]
[2910000, 0.4540893470790378]
[2920000, 0.4539041095890411]
[2930000, 0.45389078498293517]
[2940000, 0.45404761904761903]
[2950000, 0.454]
[2960000, 0.4539864864864865]
[2970000, 0.4535016835016835]
[2980000, 0.4532885906040268]
[2990000, 0.4530769230769231]
[3000000, 0.4532]
[3010000, 0.4532225913621262]
[3020000, 0.45298013245033114]
[3030000, 0.4529042904290429]
[3040000, 0.4529934210526316]
[3050000, 0.45268852459016395]
[3060000, 0.45258169934640524]
[3070000, 0.45260586319218243]
[3080000, 0.4524025974025974]
[3090000, 0.45249190938511324]
[3100000, 0.45248387096774195]
[3110000, 0.4527974276527331]
[3120000, 0.45259615384615387]
[3130000, 0.452332268370607]
[3140000, 0.4521019108280255]
[3150000, 0.45206349206349206]
[3160000, 0.4521835443037975]
[3170000, 0.45227129337539435]
[3180000, 0.4520754716981132]
[3190000, 0.4522884012539185]
[3200000, 0.45259375]
[3210000, 0.452398753894081]
[3220000, 0.45242236024844723]
[3230000, 0.4525696594427245]
[3240000, 0.45253086419753086]
[3250000, 0.4522769230769231]
[3260000, 0.4523926380368098]
[3270000, 0.45238532110091745]
[3280000, 0.4525]
[3290000, 0.4524012158054711]
[3300000, 0.4522424242424242]
[3310000, 0.452416918429003]
[3320000, 0.4525]
[3330000, 0.45303303303303305]
[3340000, 0.452814371257485]
[3350000, 0.4526268656716418]
[3360000, 0.45264880952380954]
[3370000, 0.45270029673590506]
[3380000, 0.4524852071005917]
[3390000, 0.45233038348082594]
[3400000, 0.45223529411764707]
[3410000, 0.45234604105571846]
[3420000, 0.45219298245614037]
[3430000, 0.45212827988338194]
[3440000, 0.4519767441860465]
[3450000, 0.4518550724637681]
[3460000, 0.45216763005780347]
[3470000, 0.45239193083573487]
[3480000, 0.4524712643678161]
[3490000, 0.452865329512894]
[3500000, 0.45294285714285715]
[3510000, 0.4527920227920228]
[3520000, 0.45303977272727275]
[3530000, 0.45305949008498586]
[3540000, 0.45322033898305086]
[3550000, 0.4529577464788732]
[3560000, 0.45269662921348314]
[3570000, 0.4524089635854342]
[3580000, 0.45231843575418995]
[3590000, 0.45211699164345404]
[3600000, 0.4523333333333333]
[3610000, 0.45232686980609416]
[3620000, 0.4523204419889503]
[3630000, 0.45201101928374654]
[3640000, 0.45184065934065937]
[3650000, 0.4518904109589041]
[3660000, 0.4516120218579235]
[3670000, 0.4515531335149864]
[3680000, 0.45168478260869566]
[3690000, 0.4513550135501355]
[3700000, 0.4514054054054054]
[3710000, 0.45121293800539086]
[3720000, 0.45129032258064516]
[3730000, 0.4513941018766756]
[3740000, 0.45133689839572194]
[3750000, 0.4512]
[3760000, 0.4512765957446809]
[3770000, 0.4513793103448276]
[3780000, 0.4514285714285714]
[3790000, 0.4514511873350924]
[3800000, 0.4515789473684211]
[3810000, 0.4514173228346457]
[3820000, 0.45162303664921466]
[3830000, 0.4514099216710183]
[3840000, 0.4515104166666667]
[3850000, 0.45145454545454544]
[3860000, 0.45155440414507775]
[3870000, 0.4513953488372093]
[3880000, 0.451159793814433]
[3890000, 0.4514652956298201]
[3900000, 0.4513846153846154]
[3910000, 0.4511253196930946]
[3920000, 0.4509438775510204]
[3930000, 0.45081424936386766]
[3940000, 0.45111675126903555]
[3950000, 0.45124050632911394]
[3960000, 0.4511363636363636]
[3970000, 0.4512846347607053]
[3980000, 0.45113065326633167]
[3990000, 0.4512781954887218]
[4000000, 0.4511]
[4010000, 0.45104738154613466]
[4020000, 0.45154228855721396]
[4030000, 0.4518362282878412]
[4040000, 0.45153465346534655]
[4050000, 0.45128395061728394]
[4060000, 0.4516502463054187]
[4070000, 0.45142506142506145]
[4080000, 0.45149509803921567]
[4090000, 0.4519070904645477]
[4100000, 0.4518048780487805]
[4110000, 0.4515571776155718]
[4120000, 0.45152912621359226]
[4130000, 0.4514043583535109]
[4140000, 0.45113526570048307]
[4150000, 0.4512289156626506]
[4160000, 0.45127403846153846]
[4170000, 0.4512470023980815]
[4180000, 0.45177033492822966]
[4190000, 0.45167064439140814]
[4200000, 0.45171428571428573]
[4210000, 0.45185273159144895]
[4220000, 0.45196682464454974]
[4230000, 0.45196217494089835]
[4240000, 0.45169811320754716]
[4250000, 0.4516235294117647]
[4260000, 0.4516431924882629]
[4270000, 0.4516393442622951]
[4280000, 0.4516121495327103]
[4290000, 0.452027972027972]
[4300000, 0.45176744186046514]
[4310000, 0.45185614849187933]
[4320000, 0.45180555555555557]
[4330000, 0.4518937644341801]
[4340000, 0.4516359447004608]
[4350000, 0.4516551724137931]
[4360000, 0.45192660550458713]
[4370000, 0.4519908466819222]
[4380000, 0.45223744292237444]
[4390000, 0.4519817767653759]
[4400000, 0.4519772727272727]
[4410000, 0.45192743764172333]
[4420000, 0.45178733031674206]
[4430000, 0.4518961625282167]
[4440000, 0.4521171171171171]
[4450000, 0.4518426966292135]
[4460000, 0.4519282511210762]
[4470000, 0.4521476510067114]
[4480000, 0.4525]
[4490000, 0.4524944320712695]
[4500000, 0.4523111111111111]
[4510000, 0.45241685144124166]
[4520000, 0.45247787610619467]
[4530000, 0.45225165562913905]
[4540000, 0.4524008810572687]
[4550000, 0.4522857142857143]
[4560000, 0.45245614035087717]
[4570000, 0.4524507658643326]
[4580000, 0.4522707423580786]
[4590000, 0.4523747276688453]
[4600000, 0.4524565217391304]
[4610000, 0.45234273318872015]
[4620000, 0.45227272727272727]
[4630000, 0.45222462203023756]
[4640000, 0.4522844827586207]
[4650000, 0.45240860215053763]
[4660000, 0.45223175965665235]
[4670000, 0.4521199143468951]
[4680000, 0.45213675213675214]
[4690000, 0.45204690831556504]
[4700000, 0.452]
[4710000, 0.4521656050955414]
[4720000, 0.4522457627118644]
[4730000, 0.4522198731501057]
[4740000, 0.45206751054852323]
[4750000, 0.4516210526315789]
[4760000, 0.4517016806722689]
[4770000, 0.4520335429769392]
[4780000, 0.45188284518828453]
[4790000, 0.4518162839248434]
[4800000, 0.45185416666666667]
[4810000, 0.45203742203742203]
[4820000, 0.4521784232365145]
[4830000, 0.4522153209109731]
[4840000, 0.45231404958677685]
[4850000, 0.4524536082474227]
[4860000, 0.4524074074074074]
[4870000, 0.45215605749486654]
[4880000, 0.4520696721311475]
[4890000, 0.45206543967280166]
[4900000, 0.4520816326530612]
[4910000, 0.4519348268839104]
[4920000, 0.45197154471544715]
[4930000, 0.4520486815415822]
[4940000, 0.4521862348178138]
[4950000, 0.4521818181818182]
[4960000, 0.45221774193548386]
[4970000, 0.45227364185110663]
[4980000, 0.45220883534136547]
[4990000, 0.45214428857715433]
[5000000, 0.45222]
[5010000, 0.45209580838323354]
[5020000, 0.45237051792828686]
[5030000, 0.4524254473161034]
[5040000, 0.4525]
[5050000, 0.45273267326732675]
[5060000, 0.45286561264822134]
[5070000, 0.45289940828402364]
[5080000, 0.452755905511811]
[5090000, 0.45290766208251476]
[5100000, 0.4528039215686275]
[5110000, 0.45273972602739726]
[5120000, 0.45283203125]
[5130000, 0.45269005847953214]
[5140000, 0.45299610894941633]
[5150000, 0.4532038834951456]
[5160000, 0.45323643410852715]
[5170000, 0.4530174081237911]
[5180000, 0.45297297297297295]
[5190000, 0.4528901734104046]
[5200000, 0.45296153846153847]
[5210000, 0.452936660268714]
[5220000, 0.4531034482758621]
[5230000, 0.45315487571701724]
[5240000, 0.45314885496183205]
[5250000, 0.45308571428571426]
[5260000, 0.4531558935361217]
[5270000, 0.4532068311195446]
[5280000, 0.4530871212121212]
[5290000, 0.45304347826086955]
[5300000, 0.4530943396226415]
[5310000, 0.4532391713747646]
[5320000, 0.4532706766917293]
[5330000, 0.4532645403377111]
[5340000, 0.45305243445692883]
[5350000, 0.45314018691588787]
[5360000, 0.4532276119402985]
[5370000, 0.453147113594041]
[5380000, 0.45315985130111525]
[5390000, 0.45315398886827457]
[5400000, 0.45311111111111113]
[5410000, 0.4531608133086876]
[5420000, 0.45300738007380076]
[5430000, 0.4530755064456722]
[5440000, 0.4529779411764706]
[5450000, 0.45288073394495415]
[5460000, 0.453021978021978]
[5470000, 0.45314442413162703]
[5480000, 0.45322992700729925]
[5490000, 0.453224043715847]
[5500000, 0.4531454545454545]
[5510000, 0.4531578947368421]
[5520000, 0.4532789855072464]
[5530000, 0.4532368896925859]
[5540000, 0.45328519855595667]
[5550000, 0.4532432432432432]
[5560000, 0.45323741007194246]
[5570000, 0.45317773788150806]
[5580000, 0.45327956989247314]
[5590000, 0.4535241502683363]
[5600000, 0.45348214285714283]
[5610000, 0.4536185383244207]
[5620000, 0.4536476868327402]
[5630000, 0.4536589698046181]
[5640000, 0.45351063829787236]
[5650000, 0.4534336283185841]
[5660000, 0.4535865724381625]
[5670000, 0.4534920634920635]
[5680000, 0.45327464788732397]
[5690000, 0.4533919156414763]
[5700000, 0.4534385964912281]
[5710000, 0.4533800350262697]
[5720000, 0.45326923076923076]
[5730000, 0.4530890052356021]
[5740000, 0.4530487804878049]
[5750000, 0.45321739130434785]
[5760000, 0.4530034722222222]
[5770000, 0.4527729636048527]
[5780000, 0.4528892733564014]
[5790000, 0.45278065630397235]
[5800000, 0.4528448275862069]
[5810000, 0.45266781411359724]
[5820000, 0.45268041237113404]
[5830000, 0.4525385934819897]
[5840000, 0.4525684931506849]
[5850000, 0.4524102564102564]
[5860000, 0.452320819112628]
[5870000, 0.45228279386712095]
[5880000, 0.4523639455782313]
[5890000, 0.45241086587436335]
[5900000, 0.45257627118644067]
[5910000, 0.4526057529610829]
[5920000, 0.4529391891891892]
[5930000, 0.45276559865092747]
[5940000, 0.45296296296296296]
[5950000, 0.4530252100840336]
[5960000, 0.45291946308724834]
[5970000, 0.45293132328308205]
[5980000, 0.45292642140468226]
[5990000, 0.45315525876460766]
[6000000, 0.45298333333333335]
[6010000, 0.45299500831946754]
[6020000, 0.4531063122923588]
[6030000, 0.4530514096185738]
[6040000, 0.4530794701986755]
[6050000, 0.4531404958677686]
[6060000, 0.453036303630363]
[6070000, 0.4528665568369028]
[6080000, 0.4528453947368421]
[6090000, 0.45282430213464697]
[6100000, 0.4528524590163934]
[6110000, 0.45292962356792144]
[6120000, 0.4530065359477124]
[6130000, 0.4531647634584013]
[6140000, 0.45315960912052117]
[6150000, 0.4533008130081301]
[6160000, 0.45340909090909093]
[6170000, 0.4535332252836305]
[6180000, 0.4533818770226537]
[6190000, 0.4532310177705977]
[6200000, 0.4532258064516129]
[6210000, 0.45334943639291464]
[6220000, 0.4534565916398714]
[6230000, 0.4534510433386838]
[6240000, 0.4535897435897436]
[6250000, 0.45352]
[6260000, 0.453370607028754]
[6270000, 0.4533811802232855]
[6280000, 0.45329617834394903]
[6290000, 0.45319554848966614]
[6300000, 0.45325396825396824]
[6310000, 0.45329635499207604]
[6320000, 0.4533544303797468]
[6330000, 0.45327014218009476]
[6340000, 0.4532807570977918]
[6350000, 0.4533700787401575]
[6360000, 0.45322327044025157]
[6370000, 0.4530769230769231]
[6380000, 0.45327586206896553]
[6390000, 0.4532550860719875]
[6400000, 0.453296875]
[6410000, 0.45330733229329173]
[6420000, 0.4532866043613707]
[6430000, 0.45309486780715397]
[6440000, 0.4531211180124224]
[6450000, 0.45322480620155037]
[6460000, 0.4530495356037152]
[6470000, 0.45310664605873263]
[6480000, 0.45305555555555554]
[6490000, 0.4530816640986132]
[6500000, 0.45321538461538463]
[6510000, 0.4533794162826421]
[6520000, 0.4534049079754601]
[6530000, 0.4531087289433384]
[6540000, 0.45299694189602446]
[6550000, 0.45308396946564883]
[6560000, 0.4530792682926829]
[6570000, 0.4532420091324201]
[6580000, 0.4532826747720365]
[6590000, 0.45332321699544764]
[6600000, 0.45336363636363636]
[6610000, 0.4532375189107413]
[6620000, 0.4532779456193353]
[6630000, 0.4531975867269985]
[6640000, 0.45319277108433736]
[6650000, 0.45323308270676693]
[6660000, 0.4531981981981982]
[6670000, 0.4531334332833583]
[6680000, 0.4531736526946108]
[6690000, 0.453288490284006]
[6700000, 0.45311940298507464]
[6710000, 0.45301043219076004]
[6720000, 0.453125]
[6730000, 0.4530609212481426]
[6740000, 0.453160237388724]
[6750000, 0.45324444444444445]
[6760000, 0.4530769230769231]
[6770000, 0.4530871491875923]
[6780000, 0.45300884955752213]
[6790000, 0.4530044182621502]
[6800000, 0.4529705882352941]
[6810000, 0.4529955947136564]
[6820000, 0.45296187683284456]
[6830000, 0.45284040995607616]
[6840000, 0.45282163742690057]
[6850000, 0.4528321167883212]
[6860000, 0.4528717201166181]
[6870000, 0.4528966521106259]
[6880000, 0.45290697674418606]
[6890000, 0.45303338171262697]
[6900000, 0.45307246376811594]
[6910000, 0.4532272069464544]
[6920000, 0.4530635838150289]
[6930000, 0.453030303030303]
[6940000, 0.45296829971181557]
[6950000, 0.4530791366906475]
[6960000, 0.453117816091954]
[6970000, 0.4530416068866571]
[6980000, 0.45277936962750714]
[6990000, 0.4528469241773963]
[7000000, 0.45285714285714285]
[7010000, 0.4528815977175464]
[7020000, 0.4529202279202279]
[7030000, 0.45305832147937414]
[7040000, 0.4530539772727273]
[7050000, 0.4531631205673759]
[7060000, 0.4531444759206799]
[7070000, 0.4532673267326733]
[7080000, 0.4532768361581921]
[7090000, 0.4532299012693935]
[7100000, 0.4532112676056338]
[7110000, 0.45327707454289734]
[7120000, 0.45316011235955056]
[7130000, 0.45314165497896214]
[7140000, 0.4530672268907563]
[7150000, 0.45313286713286716]
[7160000, 0.4531145251396648]
[7170000, 0.4532635983263598]
[7180000, 0.4533426183844011]
[7190000, 0.45318497913769124]
[7200000, 0.45340277777777777]
[7210000, 0.4534257975034674]
[7220000, 0.4533656509695291]
[7230000, 0.4533056708160443]
[7240000, 0.45337016574585637]
[7250000, 0.4533379310344828]
[7260000, 0.4531542699724518]
[7270000, 0.45305364511691887]
[7280000, 0.4529532967032967]
[7290000, 0.45300411522633743]
[7300000, 0.452986301369863]
[7310000, 0.45299589603283175]
[7320000, 0.4530054644808743]
[7330000, 0.4529467939972715]
[7340000, 0.4529291553133515]
[7350000, 0.45295238095238094]
[7360000, 0.4528396739130435]
[7370000, 0.4528358208955224]
[7380000, 0.45272357723577233]
[7390000, 0.4527469553450609]
[7400000, 0.4527432432432432]
[7410000, 0.4527395411605938]
[7420000, 0.4527897574123989]
[7430000, 0.4525841184387618]
[7440000, 0.45259408602150536]
[7450000, 0.4526174496644295]
[7460000, 0.4526407506702413]
[7470000, 0.45271753681392235]
[7480000, 0.4526871657754011]
[7490000, 0.45275033377837115]
[7500000, 0.45286666666666664]
[7510000, 0.452982689747004]
[7520000, 0.45304521276595744]
[7530000, 0.4530013280212483]
[7540000, 0.4530901856763926]
[7550000, 0.453046357615894]
[7560000, 0.45305555555555554]
[7570000, 0.4529590488771466]
[7580000, 0.4528759894459103]
[7590000, 0.45300395256917]
[7600000, 0.453078947368421]
[7610000, 0.45318002628120896]
[7620000, 0.4532939632545932]
[7630000, 0.45339449541284405]
[7640000, 0.453455497382199]
[7650000, 0.45342483660130717]
[7660000, 0.4533681462140992]
[7670000, 0.45329856584093875]
[7680000, 0.45337239583333333]
[7690000, 0.45344603381014303]
[7700000, 0.4535064935064935]
[7710000, 0.4533852140077821]
[7720000, 0.4534455958549223]
[7730000, 0.4533117723156533]
[7740000, 0.4532299741602067]
[7750000, 0.4531225806451613]
[7760000, 0.4530670103092784]
[7770000, 0.45311454311454313]
[7780000, 0.45311053984575833]
[7790000, 0.453183568677792]
[7800000, 0.45311538461538464]
[7810000, 0.4531113956466069]
[7820000, 0.45312020460358055]
[7830000, 0.4531034482758621]
[7840000, 0.45303571428571426]
[7850000, 0.4530063694267516]
[7860000, 0.4529770992366412]
[7870000, 0.4529479034307497]
[7880000, 0.4529060913705584]
[7890000, 0.45297845373891]
[7900000, 0.4528481012658228]
[7910000, 0.45284450063211124]
[7920000, 0.4528030303030303]
[7930000, 0.45276166456494327]
[7940000, 0.4529093198992443]
[7950000, 0.45281761006289306]
[7960000, 0.4527763819095477]
[7970000, 0.4527352572145546]
[7980000, 0.45265664160401003]
[7990000, 0.4527158948685857]
[8000000, 0.4527375]
[8010000, 0.4528589263420724]
[8020000, 0.45276807980049877]
[8030000, 0.4528518057285181]
[8040000, 0.45294776119402985]
[8050000, 0.4529192546583851]
[8060000, 0.45291563275434243]
[8070000, 0.4528624535315985]
[8080000, 0.45283415841584157]
[8090000, 0.45283065512978987]
[8100000, 0.4528395061728395]
[8110000, 0.45292231812577066]
[8120000, 0.4529433497536946]
[8130000, 0.45307503075030753]
[8140000, 0.45298525798525796]
[8150000, 0.4528957055214724]
[8160000, 0.4529656862745098]
[8170000, 0.452937576499388]
[8180000, 0.45294621026894866]
[8190000, 0.4529181929181929]
[8200000, 0.45296341463414636]
[8210000, 0.4530816077953715]
[8220000, 0.45307785888077856]
[8230000, 0.45306196840826246]
[8240000, 0.4530703883495146]
[8250000, 0.45296969696969697]
[8260000, 0.4528692493946731]
[8270000, 0.45273276904474]
[8280000, 0.45259661835748793]
[8290000, 0.4525572979493365]
[8300000, 0.4526265060240964]
[8310000, 0.452647412755716]
[8320000, 0.45274038461538463]
[8330000, 0.4527611044417767]
[8340000, 0.4526019184652278]
[8350000, 0.45269461077844314]
[8360000, 0.4527870813397129]
[8370000, 0.45292712066905616]
[8380000, 0.4528878281622912]
[8390000, 0.4529439809296782]
[8400000, 0.45313095238095236]
[8410000, 0.45317479191438764]
[8420000, 0.4530522565320665]
[8430000, 0.4530130486358244]
[8440000, 0.45291469194312794]
[8450000, 0.45295857988165683]
[8460000, 0.4530023640661939]
[8470000, 0.45301062573789846]
[8480000, 0.453125]
[8490000, 0.45302709069493524]
[8500000, 0.4530823529411765]
[8510000, 0.45311398354876614]
[8520000, 0.4531455399061033]
[8530000, 0.453200468933177]
[8540000, 0.4532669789227166]
[8550000, 0.45326315789473687]
[8560000, 0.4532827102803738]
[8570000, 0.4533022170361727]
[8580000, 0.4533449883449883]
[8590000, 0.45339930151338764]
[8600000, 0.4533720930232558]
[8610000, 0.4532636469221835]
[8620000, 0.4531902552204176]
[8630000, 0.4532560834298957]
[8640000, 0.4531597222222222]
[8650000, 0.4532023121387283]
[8660000, 0.45322170900692843]
[8670000, 0.4530680507497116]
[8680000, 0.45316820276497694]
[8690000, 0.4532796317606444]
[8700000, 0.4534022988505747]
[8710000, 0.4533524684270953]
[8720000, 0.4532454128440367]
[8730000, 0.4532073310423826]
[8740000, 0.45319221967963386]
[8750000, 0.4532457142857143]
[8760000, 0.45310502283105025]
[8770000, 0.45322690992018244]
[8780000, 0.4531776765375854]
[8790000, 0.4531626848691695]
[8800000, 0.4531477272727273]
[8810000, 0.45313280363223607]
[8820000, 0.4530952380952381]
[8830000, 0.4530464326160815]
[8840000, 0.4529185520361991]
[8850000, 0.4528813559322034]
[8860000, 0.45290067720090293]
[8870000, 0.4529988726042841]
[8880000, 0.45297297297297295]
[8890000, 0.4529583802024747]
[8900000, 0.4529775280898876]
[8910000, 0.45301907968574634]
[8920000, 0.4530269058295964]
[8930000, 0.4528891377379619]
[8940000, 0.4529082774049217]
[8950000, 0.4529385474860335]
[8960000, 0.452890625]
[8970000, 0.4529542920847269]
[8980000, 0.4529955456570156]
[8990000, 0.45301446051167965]
[9000000, 0.4531222222222222]
[9010000, 0.4532741398446171]
[9020000, 0.4531929046563193]
[9030000, 0.453078626799557]
[9040000, 0.453108407079646]
[9050000, 0.452939226519337]
[9060000, 0.4529028697571744]
[9070000, 0.4529988974641676]
[9080000, 0.4529625550660793]
[9090000, 0.45304730473047305]
[9100000, 0.4530879120879121]
[9110000, 0.45302963776070254]
[9120000, 0.4529166666666667]
[9130000, 0.4530120481927711]
[9140000, 0.453019693654267]
[9150000, 0.4529726775956284]
[9160000, 0.45305676855895194]
[9170000, 0.4530425299890949]
[9180000, 0.45306100217864925]
[9190000, 0.4529815016322089]
[9200000, 0.453]
[9210000, 0.4532030401737242]
[9220000, 0.4532754880694143]
[9230000, 0.4534344528710726]
[9240000, 0.45346320346320346]
[9250000, 0.45337297297297297]
[9260000, 0.4532505399568035]
[9270000, 0.4532686084142395]
[9280000, 0.4532543103448276]
[9290000, 0.4531969860064586]
[9300000, 0.4531935483870968]
[9310000, 0.45313641245972075]
[9320000, 0.45318669527896993]
[9330000, 0.4531832797427653]
[9340000, 0.4533190578158458]
[9350000, 0.45329411764705885]
[9360000, 0.4534188034188034]
[9370000, 0.4533724653148346]
[9380000, 0.45331556503198295]
[9390000, 0.45338658146964855]
[9400000, 0.4534787234042553]
[9410000, 0.4536238044633369]
[9420000, 0.45372611464968154]
[9430000, 0.453711558854719]
[9440000, 0.45369703389830507]
[9450000, 0.4538730158730159]
[9460000, 0.4537632135306554]
[9470000, 0.45382259767687433]
[9480000, 0.4538080168776371]
[9490000, 0.4536564805057956]
[9500000, 0.4536631578947368]
[9510000, 0.4537854889589905]
[9520000, 0.45371848739495796]
[9530000, 0.4537775445960126]
[9540000, 0.4538574423480084]
[9550000, 0.4537801047120419]
[9560000, 0.4537029288702929]
[9570000, 0.45368861024033436]
[9580000, 0.45375782881002086]
[9590000, 0.4537434827945777]
[9600000, 0.45375]
[9610000, 0.45378772112382937]
[9620000, 0.4538253638253638]
[9630000, 0.4538421599169263]
[9640000, 0.4538692946058091]
[9650000, 0.4538238341968912]
[9660000, 0.4537991718426501]
[9670000, 0.45392967942088935]
[9680000, 0.45398760330578514]
[9690000, 0.4540970072239422]
[9700000, 0.4542783505154639]
[9710000, 0.45435633367662204]
[9720000, 0.4542798353909465]
[9730000, 0.45429599177800617]
[9740000, 0.4542094455852156]
[9750000, 0.45416410256410256]
[9760000, 0.4543545081967213]
[9770000, 0.454360286591607]
[9780000, 0.4543558282208589]
[9790000, 0.45436159346271704]
[9800000, 0.4543469387755102]
[9810000, 0.4543730886850153]
[9820000, 0.4543279022403259]
[9830000, 0.45423194303153613]
[9840000, 0.45439024390243904]
[9850000, 0.4543756345177665]
[9860000, 0.4544624746450304]
[9870000, 0.4544984802431611]
[9880000, 0.45442307692307693]
[9890000, 0.4543478260869565]
[9900000, 0.45444444444444443]
[9910000, 0.45438950554994956]
[9920000, 0.45441532258064515]
[9930000, 0.4543705941591138]
[9940000, 0.4543158953722334]
[9950000, 0.45425125628140706]
[9960000, 0.45420682730923695]
[9970000, 0.45424272818455363]
[9980000, 0.45437875751503004]
[9990000, 0.4544544544544545]
[10000000, 0.4544]
[10050000, 0.4542487562189055]
[10100000, 0.45414851485148516]
[10150000, 0.45417733990147785]
[10200000, 0.45423529411764707]
[10250000, 0.4542926829268293]
[10300000, 0.45416504854368933]
[10350000, 0.45402898550724635]
[10400000, 0.45410576923076923]
[10450000, 0.4542296650717703]
[10500000, 0.4541428571428571]
[10550000, 0.454436018957346]
[10600000, 0.4545377358490566]
[10650000, 0.45447887323943664]
[10700000, 0.45476635514018693]
[10750000, 0.4548279069767442]
[10800000, 0.45463888888888887]
[10850000, 0.4546728110599078]
[10900000, 0.45447706422018347]
[10950000, 0.45424657534246576]
[11000000, 0.4542727272727273]
[11050000, 0.4543076923076923]
[11100000, 0.4541801801801802]
[11150000, 0.4540986547085202]
[11200000, 0.4540625]
[11250000, 0.45409777777777777]
[11300000, 0.4539911504424779]
[11350000, 0.454273127753304]
[11400000, 0.45416666666666666]
[11450000, 0.4539912663755459]
[11500000, 0.45410434782608694]
[11550000, 0.45406926406926407]
[11600000, 0.4540948275862069]
[11650000, 0.454068669527897]
[11700000, 0.4540940170940171]
[11750000, 0.45435744680851065]
[11800000, 0.4544152542372881]
[11850000, 0.45442194092827004]
[11900000, 0.45463025210084035]
[11950000, 0.4548284518828452]
[12000000, 0.45476666666666665]
[12050000, 0.4548713692946058]
[12100000, 0.4547768595041322]
[12150000, 0.4548971193415638]
[12200000, 0.45488524590163937]
[12250000, 0.45481632653061227]
[12300000, 0.4545609756097561]
[12350000, 0.4543967611336032]
[12400000, 0.45426612903225805]
[12450000, 0.45437751004016064]
[12500000, 0.454232]
[12550000, 0.4542231075697211]
[12600000, 0.4543968253968254]
[12650000, 0.454403162055336]
[12700000, 0.4542677165354331]
[12750000, 0.4543607843137255]
[12800000, 0.454453125]
[12850000, 0.45453696498054474]
[12900000, 0.45455038759689925]
[12950000, 0.45456370656370654]
[13000000, 0.4547076923076923]
[13050000, 0.45466666666666666]
[13100000, 0.45470992366412216]
[13150000, 0.4547300380228137]
[13200000, 0.45459848484848486]
[13250000, 0.45457358490566036]
[13300000, 0.4545639097744361]
[13350000, 0.45461423220973785]
[13400000, 0.45454477611940297]
[13450000, 0.4545353159851301]
[13500000, 0.4544666666666667]
[13550000, 0.454619926199262]
[13600000, 0.4545661764705882]
[13650000, 0.45455677655677657]
[13700000, 0.4546131386861314]
[13750000, 0.45466181818181817]
[13800000, 0.45457246376811594]
[13850000, 0.4546570397111913]
[13900000, 0.45466187050359713]
[13950000, 0.45470967741935486]
[14000000, 0.45480714285714285]
[14050000, 0.45486832740213523]
[14100000, 0.45490780141843973]
[14150000, 0.45488339222614843]
[14200000, 0.4548380281690141]
[14250000, 0.4548140350877193]
[14300000, 0.4547622377622378]
[14350000, 0.4547317073170732]
[14400000, 0.45472222222222225]
[14450000, 0.45473356401384085]
[14500000, 0.45464827586206896]
[14550000, 0.4545154639175258]
[14600000, 0.45458219178082193]
[14650000, 0.45473037542662115]
[14700000, 0.45479591836734695]
[14750000, 0.45490169491525423]
[14800000, 0.4550067567567568]
[14850000, 0.4549360269360269]
[14900000, 0.45495302013422817]
[14950000, 0.4548294314381271]
[15000000, 0.4548]
[15050000, 0.4548372093023256]
[15100000, 0.4547682119205298]
[15150000, 0.45494389438943894]
[15200000, 0.4549078947368421]
[15250000, 0.45488524590163937]
[15300000, 0.45495424836601306]
[15350000, 0.4548729641693811]
[15400000, 0.4547792207792208]
[15450000, 0.45466666666666666]
[15500000, 0.45469677419354837]
[15550000, 0.45459807073954983]
[15600000, 0.45474358974358975]
[15650000, 0.4546006389776358]
[15700000, 0.4545732484076433]
[15750000, 0.45452063492063494]
[15800000, 0.45451898734177215]
[15850000, 0.4545110410094637]
[15900000, 0.45461006289308176]
[15950000, 0.4544388714733542]
[16000000, 0.4544]
[16050000, 0.4543239875389408]
[16100000, 0.45436024844720496]
[16150000, 0.454359133126935]
[16200000, 0.45415432098765435]
[16250000, 0.4542646153846154]
[16300000, 0.45423926380368096]
[16350000, 0.45444648318042813]
[16400000, 0.4543719512195122]
[16450000, 0.4542370820668693]
[16500000, 0.45415151515151514]
[16550000, 0.4541570996978852]
[16600000, 0.45418072289156625]
[16650000, 0.45425225225225224]
[16700000, 0.45422754491017964]
[16750000, 0.45415522388059704]
[16800000, 0.4539464285714286]
[16850000, 0.45401780415430265]
[16900000, 0.4541656804733728]
[16950000, 0.4542241887905605]
[17000000, 0.4541058823529412]
[17050000, 0.454]
[17100000, 0.454046783625731]
[17150000, 0.4541924198250729]
[17200000, 0.45415697674418604]
[17250000, 0.45408695652173914]
[17300000, 0.454242774566474]
[17350000, 0.4540864553314121]
[17400000, 0.4541954022988506]
[17450000, 0.45429226361031516]
[17500000, 0.4541428571428571]
[17550000, 0.45425071225071223]
[17600000, 0.4541590909090909]
[17650000, 0.45420963172804535]
[17700000, 0.454090395480226]
[17750000, 0.45419718309859153]
[17800000, 0.4542752808988764]
[17850000, 0.45426890756302524]
[17900000, 0.4542625698324022]
[17950000, 0.4541392757660167]
[18000000, 0.4539388888888889]
[18050000, 0.45397783933518004]
[18100000, 0.4539944751381215]
[18150000, 0.45403856749311294]
[18200000, 0.4541208791208791]
[18250000, 0.45416438356164385]
[18300000, 0.45412021857923496]
[18350000, 0.45420708446866487]
[18400000, 0.4540271739130435]
[18450000, 0.4540813008130081]
[18500000, 0.4541945945945946]
[18550000, 0.45412398921832886]
[18600000, 0.4540967741935484]
[18650000, 0.4540804289544236]
[18700000, 0.45402139037433153]
[18750000, 0.4539573333333333]
[18800000, 0.4540531914893617]
[18850000, 0.4540159151193634]
[18900000, 0.4541798941798942]
[18950000, 0.45427968337730873]
[19000000, 0.4542578947368421]
[19050000, 0.4541732283464567]
[19100000, 0.4540785340314136]
[19150000, 0.4540992167101828]
[19200000, 0.45409375]
[19250000, 0.453974025974026]
[19300000, 0.4539326424870466]
[19350000, 0.45405684754521963]
[19400000, 0.45398969072164946]
[19450000, 0.4539588688946015]
[19500000, 0.45416410256410256]
[19550000, 0.454076726342711]
[19600000, 0.45411734693877553]
[19650000, 0.45410178117048344]
[19700000, 0.45410659898477157]
[19750000, 0.45407088607594936]
[19800000, 0.4540808080808081]
[19850000, 0.4541057934508816]
[19900000, 0.4540954773869347]
[19950000, 0.4541002506265664]
[20000000, 0.45415]
