[[  49   -6   83  -56   56   93  -17  -19   93  -82  -43  -25  -74]
 [-100  -68  -95  -74   60   74  -91   99  -87    2   72   38  -37]
 [ -54   -8  -88  -23  -20  -65   81  -65   31   89   95   71   83]
 [ -79   91  -51   89  -71   68   40   26   41  100  -88   52  -49]
 [  -8  -82   79  -30   98    8   17   37   92  -35    6  -55   22]
 [ -89   23  -66    7   59   30   35   88   68  -35   91   58   19]
 [  85  -38   86  -95   95   16   57  -66   91   -9   46   -5   78]
 [ -43  -56   23   20   61   -9   18  -22   38  -68   67   34   71]
 [ -84  -67  -38   29  -62  -97   75  -40   95   73   17   -5  -27]]
[[-32 -15]
 [ 79  47]
 [ 35 -90]
 [-48  46]
 [-42 -19]
 [-42  95]
 [ -1 -63]
 [ 70 -70]
 [  2  90]
 [ 14 -89]
 [-58 -47]
 [-95 -90]
 [ 71 -12]]