3.71
1.25
1
2.25
1.51
18.13
1
1.38
1
1.59
4.93
5.07
4.82
21.69
1.35
3.04
1.45
1.89
6.61
3.2
2.7
1.29
1.7
1.2
2.36
1.63
2.34
1.07
2.27
1.3
1.2
1
1.27
57
6.31
1.19
1.39
1.54
1.3
2.25
11.15
1
42.61
2.03
1.53
1.15
1.14
1.47
3.1
1.42
14.98
7.18
3.14
1.15
1.48
1.38
1.68
1.43
1.0
7.69
2.4
1.66
7.32
1.04
1.08
38.91
11.04
1.14
2.79
2.87
4.12
1.52
1.22
1.0
139.0
4.89
33.84
1.22
2.86
4.73
1.22
1.17
3.91
1.2
2.83
1.73
1.14
3.15
2.82
2.51
1.79
1.82
1.47
1.91
1.45
3.18
1.6
3.92
95.0
1.02
1.05
2.06
1.29
1.0
24.36
3.05
11.35
3.29
2.42
1.18
4.21
1.02
1.0
1.05
15.4
1.26
12.05
2.16
1.45
1.12
1.09
1.37
1.08
1.0
1.45
1.65
1.94
25.17
1.28
1.2
2.68
1.1
1.2
4.78
2.88
1.0
2.22
10.16
1.89
2.01
3.24
23.83
2.81
2.9
2.37
1.01
1.61
2.54
1.59
1.56
2.05
1.69
2.53
2.21
1.08
1.0
1.0
21.37
2.01
1.09
1.57
1.95
1.07
4.54
3.1
1.22
1.0
1.18
4.04
1.43
2.13
1.66
1.65
2.15
1.59
1.25
2.46
1.05
2.23
1.55
1.17
1.95
1.87
7.09
10.85
18.8
3.82
1.05
1.04
15.45
1.36
3.83
25.58
1.0
14.79
2.96
3.84
37.88
1.76
1.14
1.94
2.09
1.38
1.02
2.85
3.75
4.01
9.74
1.36
36.49
10.52
1.05
1.86
1.2
4.19
1.65
3.58
17.12
1.2
1.52
53.96
1.89
2.66
2.45
1.29
1.22
8.54
7.34
1.64
15.92
61.7
1.31
8.28
1.33
1.0
1.21
2.74
5.4
3.96
40.21
1.86
1.02
3.81
2.05
10.55
5.08
1.15
8.31
1.2
1.08
1.23
1.33
6.48
1.02
4.4
1.0
9.4
7.09
2.97
1.99
1.07
3.84
1.05
1.25
1.0
1.78
1.68
1.0
1.22
1.03
1.62
4.54
2.09
4.61
6.19
2.06
1.84
5.33
5.91
2.01
9.34
1.36
1.25
1.79
1.32
1.08
1.65
33.52
1.0
2.66
4.82
36.69
1.33
8.72
2.25
1.44
1.85
53.95
1.18
64.94
1.04
6.11
1.62
1.29
23.59
7.74
4.33
1.47
1.47
2.97
3.2
1.0
1.49
7.52
1.0
16.96
2.38
2.18
1.58
1.03
145.53
1.03
3.18
3.19
2.05
6.21
11.83
1.62
3.27
13.56
2.27
1.98
1.79
1.2
1.07
2.07
1.86
1.52
1.52
1.04
2.63
5.16
1.0
4.6
7.58
2.34
1.55
1.0
2.7
1.56
1.29
2.78
1.6
1.64
1.06
1.94
1.12
5.2
1.17
1.42
1.66
92.77
1.36
92.77
1.36
2.8
4.69
1.66
1.55
1.16
4.88
1.34
1984.29
1.54
1.35
15.03
1.1
2.17
1.62
2.08
1.01
3.22
1.3
1.02
1.32
1.01
1.06
1.18
1.28
7.8
1.21
3.53
3.92
2.13
1.01
2.93
1.17
1.0
2.88
2.66
2.26
1.65
836.04
1.1
22.49
1.18
1.0
1.23
1.32
1.41
1.0
1.2
16.4
2.52
1.75
1.37
1.29
1.23
1.31
2.89
1.06
1.03
4.0
22.98
1.11
1.31
3.84
1.22
4.01
1.1
1.08
8.59
5.63
1.39
2.08
1.21
1.69
1.0
1.33
2.95
1.13
1.11
1.06
1.0
1.0
1.17
16.81
25.81
3.59
1.69
2.76
1.0
1.6
1.3
2.33
1.0
1.82
1.13
1.79
2.12
1.86
9.86
11.34
24.85
1.37
1.07
4.12
1.0
2.11
33.97
1.6
1.35
1.78
2.43
19.14
4.5
1.28
4.74
1.73
2.97
1.03
4.57
2.03
1.0
1.16
15.58
1.48
2.18
1.46
1.74
2.17
1.24
3.5
1.0
1.14
1.0
3.31
26.28
2.83
3.53
1.8
1.6
1.52
1.13
2.43
2.69
1.12
1.0
3.51
1.47
1.0
2.6
1.07
2.18
1.5
1.66
1.38
1.05
1.1
3.04
1.15
2.87
22.86
2.42
1.31
1.18
3.9
1.0
2.43
6.07
16.61
1.04
1.15
7.67
1.33
1.0
5.29
1.2
3.21
1.13
1.07
1.23
1.05
1.15
1.0
1.05
1.93
1.02
17.81
2.73
3.23
1.31
2.76
3.47
1.3
19.16
9.45
1.32
2.57
5.88
2.85
1.08
5.66
6.02
4.57
1.0
2.61
1.77
15.76
3.56
1.0
1.78
13.69
4.54
1.73
1.0
51.11
1.26
1.03
5.63
1.0
3.3
3.37
2.43
1.13
33.0
37.95
9.58
3.26
1.34
3.62
2.79
4.84
1.09
2.37
4.34
1.0
18.56
3.06
5.55
1.12
1.18
2.97
1.06
2.89
1.34
1.55
1.16
2.82
1.87
11.05
1.43
1.15
1.52
1.18
28.52
3.78
1.03
2.44
2.45
1.19
2.43
3.64
5.21
1.11
4.86
1.1
1.57
1.64
2.26
1.41
1.32
1.17
1.8
1.0
2.65
17.64
1.21
1.0
19.1
88.55
1.84
1.95
1.11
1.55
1.01
1.0
1.39
1.0
1.52
2.47
2.48
3.63
2.28
2.53
1.22
11.51
2.92
1.16
2.09
1.68
5.65
3.11
1.17
1.0
7.99
5.38
1.56
1.69
1.09
1.13
1.24
1.79
2.79
24.86
1.11
1.69
1.28
1.89
1.29
1.05
1.82
1.01
1.0
5.29
3.16
1.23
3.82
1.18
1.05
2.2
1.59
1.18
4.62
5.36
2.49
1.0
2.86
3.41
1.38
2.37
2.12
1.57
1.0
1.46
1.0
1.23
3.46
2.2
1.38
1.06
2.05
1.36
2.8
4.69
1.66
1.55
1.16
4.88
1.34
1984.29
1.15
2.09
