0.11775710000000572
0.11232499999999845
0.1125332999999955
0.11156310000001213
0.11407120000001214
0.11399190000003045
0.054313600000000406
0.11234039999999368
0.11479439999999386
0.1363268000000062
0.14305189999998902
0.1164269999999874
0.11279089999999314
0.1217757000000006
0.1144214000000261
0.11261410000003025
0.11353719999999612
0.11441050000001951
0.11264150000005202
0.11369799999999941
0.11369619999999259
0.11315150000001495
0.05567999999999529
0.11096919999999955
0.11325310000000854
0.055484100000001035
0.1164794000000029
0.11392540000002782
0.11574940000002698
0.11362989999997808
0.11443509999998014
0.11218680000001768
0.11421380000001591
0.11485929999997779
0.11521040000002358
0.115118300000006
0.11402450000002773
0.11527259999996886
0.11320499999999356
0.11260540000000674
0.11489669999997432
0.11387750000000096
0.11370340000001988
0.11469850000003134
0.11564089999995986
0.11513780000001361
0.11554030000002058
0.1146188999999822
0.11229589999999234
0.11215979999997217
0.12309149999998681
0.11427179999998316
0.1145245000000159
0.11338269999998829
0.11587900000000673
0.11409889999998768
0.06295489999996562
0.11340030000002344
0.11319489999999632
0.11423209999998107
0.11408760000000484
0.11520159999997759
0.11409579999997277
0.1125154000000066
0.11531000000002223
0.11498309999996081
0.11283500000001823
0.1133262999999829
0.11689660000001822
0.11544240000000627
0.1137304999999742
0.11827399999998534
0.1142518999999993
0.1144673999999668
0.12383940000000848
0.11351199999995742
0.11327869999996665
0.11538630000001149
0.1143498000000136
0.11490009999999984
0.11425079999997934
0.11587339999999813
0.11459589999998343
0.11342149999995854
0.11465040000001636
0.1145341000000144
0.11446790000002238
0.056240900000034344
0.11581620000004023
0.11524420000000646
0.1153474999999844
0.11409429999997656
0.11613500000004251
0.11407270000000835
0.11292629999996961
0.11364900000000944
0.1146176999999966
0.11400390000000016
0.06335950000004686
0.11307980000003681
