0.017891599999984464
0.017142100000000937
0.021600400000011177
0.01918089999998074
0.020109999999988304
0.019573400000012953
0.02757009999999127
0.01394199999998591
0.016977800000006482
0.022501400000010108
0.01739480000000526
0.01730430000000638
0.02501970000000142
0.02029910000001678
0.014269500000011703
0.018156099999998787
0.016102999999986878
0.01685150000000135
0.027343400000006568
0.016962599999999384
0.020518799999990733
0.02216580000001045
0.019440199999991137
0.022850199999993492
0.019171199999988175
0.020488299999982473
0.01366369999999506
0.015471499999989646
0.015332400000005464
0.01776350000000093
0.022732199999978775
0.023114200000009077
0.02384490000000028
0.01956820000000903
0.01756969999999569
0.016578300000020363
0.017658799999992425
0.016991399999994883
0.01832960000001549
0.02083229999999503
0.022786899999999832
0.022193399999991925
0.024320599999981596
0.033320800000012696
0.022741999999993823
0.03880169999999339
0.026479899999998224
0.021671900000001187
0.028696100000018987
0.0310149000000024
0.01965329999998744
0.014886100000012448
0.01511899999999855
0.021868500000010727
0.014087399999993977
0.021047900000013442
0.016726500000004307
0.017257599999993545
0.018326699999988705
0.020606399999991254
0.016676799999999048
0.020478999999994585
0.024900599999995165
0.015732200000002194
0.02156659999999988
0.021086099999990893
0.02277440000000297
0.025624899999996842
0.03432680000000232
0.02111370000000079
0.01586030000001415
0.0141467999999918
0.016238800000024867
0.019945500000005723
0.017465299999997796
0.028254199999992125
0.015439999999983911
0.01776379999998312
0.01602730000001884
0.01934479999999894
0.025484500000004573
0.016093200000000252
0.025769999999994297
0.024496300000009796
0.018386300000003075
0.014538099999981569
0.014320099999991953
0.020177200000006223
0.017600799999996752
0.02130669999999668
0.01863879999999085
0.021380599999986316
0.015436100000016495
0.017051300000019864
0.01774879999999257
0.01745800000000486
0.016698700000006284
0.015011100000009492
0.02456169999999247
0.017624500000010812
