0.013756600000000674
0.014063300000000112
0.017933599999999217
0.01388140000000071
0.012855099999999453
0.013153600000000765
0.01309199999999855
0.014710600000000795
0.01323919999999923
0.014494900000000754
0.01502569999999892
0.015006700000000706
0.01520670000000024
0.013920899999998682
0.014344599999999375
0.013121599999999844
0.013735099999999889
0.014039299999998534
0.013937800000000777
0.013939699999999888
0.013108499999999523
0.014783200000000107
0.015046099999999285
0.013995200000000096
0.01412580000000041
0.013173000000000101
0.01336139999999908
0.01411069999999981
0.012990300000000232
0.012969199999998793
0.01422830000000097
0.011920399999999276
0.01224880000000006
0.011505400000000776
0.012143800000000482
0.011998600000000081
0.010891899999998955
0.012064000000000519
0.01139940000000017
0.012673799999999957
0.01159130000000097
0.012291400000000507
0.013164299999999685
0.012413499999999189
0.01184929999999973
0.011266400000000232
0.011244500000000102
0.011331800000000669
0.012414500000000217
0.012531199999999743
0.011106500000000352
0.010702099999999604
0.01146100000000061
0.012245399999999407
0.013226200000000077
0.014423199999999525
0.01241459999999961
0.010834700000000197
0.013031100000000961
0.016575300000001292
0.020769700000000668
0.01588440000000091
0.012141800000000202
0.012475699999999534
0.014407200000000842
0.011319199999999086
0.01132390000000072
0.011210699999999463
0.011344899999999214
0.012566299999999586
0.012183500000000791
0.011600200000000171
0.011707200000000029
0.011289399999999006
0.010743200000000286
0.011479399999998918
0.01118980000000036
0.01209169999999915
0.011980400000000557
0.011184899999999942
0.011043599999998932
0.013136299999999324
0.012902699999999712
0.0162874999999989
0.013983200000000195
0.013358500000000717
0.012371299999999863
0.01093440000000001
0.012787799999999905
0.01254600000000039
0.013090000000000046
0.013075000000000614
0.012145200000000855
0.011092900000001293
0.01297440000000094
0.012756999999998797
0.012442700000001139
0.011344799999999822
0.012286400000000697
0.012239400000000344
