0.006020000000000025
0.006393199999999988
0.006070099999999967
0.007171700000000003
0.0060136999999999
0.007401799999999903
0.006312800000000007
0.006334799999999974
0.012342699999999929
0.012827699999999997
0.011820200000000058
0.012608300000000017
0.013099700000000047
0.012903200000000004
0.011948800000000093
0.012814300000000056
0.012553199999999931
0.011826700000000079
0.014199700000000037
0.013865099999999853
0.01219619999999999
0.012179299999999893
0.0119613999999999
0.012485999999999997
0.011831900000000006
0.01255139999999999
0.012695200000000018
0.011858200000000041
0.012426700000000013
0.012574799999999886
0.013968999999999898
0.013346400000000092
0.013975199999999965
0.012102999999999975
0.01157140000000001
0.012722400000000134
0.012751600000000085
0.01269919999999991
0.012530600000000058
0.011681899999999912
0.013523799999999975
0.012401499999999954
0.011347899999999855
0.012798899999999946
0.013069699999999962
0.012507400000000057
0.012296899999999944
0.012054899999999868
0.012718900000000088
0.01208509999999996
0.011250500000000052
0.013989899999999889
0.012171700000000119
0.012297599999999909
0.014008999999999938
0.012799099999999841
0.012494299999999958
0.011665100000000095
0.013202500000000006
0.012952800000000098
0.011709799999999992
0.012565399999999949
0.01292519999999997
0.013276499999999913
0.013829199999999986
0.011717500000000047
0.01287919999999998
0.012617100000000159
0.012446200000000074
0.016684700000000108
0.01283919999999994
0.012329299999999987
0.012684099999999976
0.012204699999999846
0.01171169999999977
0.011850899999999776
0.0119653000000004
0.011641899999999872
0.012265599999999655
0.011377200000000087
0.01290699999999978
0.01389970000000007
0.012664999999999704
0.01235659999999994
0.013067599999999846
0.011947599999999614
0.012723900000000121
0.0125008000000002
0.012967699999999915
0.01287269999999996
0.01215389999999994
0.013164900000000035
0.013554899999999925
0.01523999999999992
0.011815700000000096
0.01216829999999991
0.012111100000000263
0.01197949999999981
0.01185439999999982
0.011674200000000301
