0.012549700000000108
0.01361200000000018
0.012735600000000069
0.01333979999999979
0.012925000000000075
0.012998200000000182
0.013553700000000113
0.013868500000000061
0.012424999999999464
0.012934200000000118
0.013507099999999994
0.012508399999999753
0.012659399999999543
0.01437009999999983
0.012517799999999468
0.01347300000000029
0.01335759999999997
0.014182100000000197
0.01570650000000029
0.013308799999999898
0.013762799999999409
0.013601699999999717
0.013710300000000508
0.012963300000000011
0.012565500000000007
0.013389700000000282
0.012808800000000176
0.014031000000000127
0.014248200000000821
0.014396299999999584
0.015096100000000057
0.013059199999999827
0.013010700000000597
0.014035699999999984
0.013207999999999664
0.014017599999999852
0.014402699999999768
0.013638600000000167
0.012868099999999494
0.014043100000000308
0.01362289999999966
0.012871099999999913
0.014624099999999807
0.013744900000000726
0.014951800000000404
0.01598569999999988
0.01292850000000012
0.014371800000000157
0.013326499999999797
0.01444660000000031
0.0140172999999999
0.013176300000000474
0.014866500000000116
0.013028900000000121
0.013293199999999672
0.013966799999999502
0.019788499999999765
0.01977419999999963
0.01707659999999933
0.016186000000000256
0.013989200000000146
0.013482699999999959
0.013605399999999435
0.013658999999999644
0.012636999999999787
0.016726400000000474
0.014679199999999781
0.013102800000000414
0.014796300000000429
0.012931099999999418
0.014609099999999486
0.013246699999999834
0.015186399999999267
0.014565700000000348
0.014358399999999882
0.014332800000000034
0.014800200000000707
0.01261739999999989
0.013432299999999842
0.012936900000000584
0.013469600000000526
0.01441780000000037
0.013230900000000823
0.015579699999999974
0.014237599999999517
0.01517700000000044
0.014859399999999745
0.014451300000000167
0.012604400000000737
0.01433630000000008
0.014566099999999693
0.013816300000000226
0.014206900000000466
0.013533100000000076
0.013546299999999789
0.01921280000000003
0.012526099999999651
0.012055099999999541
0.013845700000000072
0.013954399999999367
