0.03994800000000964
0.05557629999998426
0.06042969999998604
0.05656890000000203
0.0593900000000076
0.1142281000000196
0.11115369999998848
0.058075999999999794
0.04416299999999751
0.05120529999999235
0.05292420000000675
0.056965999999988526
0.11121719999999868
0.05970360000000596
0.05618259999999964
0.11932219999999916
0.11481970000002661
0.11355040000000827
0.11511100000001306
0.06240619999999808
0.0574681999999882
0.11317080000000601
0.05913620000001174
0.1115455000000054
0.11351039999999557
0.061252800000005436
0.03760270000000787
0.112440399999997
0.06073359999999184
0.11195030000001793
0.054785400000014306
0.055371999999977106
0.11155459999997674
0.048529600000023265
0.056742200000002185
0.04914059999998699
0.04895360000000437
0.05072390000000837
0.0454193999999859
0.11253849999999943
0.050280499999985295
0.056033299999995734
0.11366979999999671
0.1147463000000073
0.11387369999999919
0.050938799999983075
0.054430599999989226
0.11334420000000023
0.11094150000002401
0.05862149999998678
0.05272540000001413
0.060643600000020115
0.05170119999999656
0.11242870000000948
0.062185099999993554
0.0581169000000159
0.05479629999999247
0.11338069999999334
0.059290000000004284
0.0581875000000025
0.054276000000015756
0.049017800000001444
0.05576469999999745
0.05728740000000698
0.06306430000000773
0.061398599999989756
0.058499500000010585
0.05474200000000451
0.05434599999998113
0.051266800000007606
0.04264950000001022
0.04135830000001306
0.05493049999998334
0.06182330000001457
0.062486000000006925
0.06108199999999897
0.05421200000000681
0.11563610000001745
0.11240050000000679
0.05107149999997773
0.0557362999999782
0.05531300000001238
0.1121590999999853
0.11469690000001265
0.052234999999996035
0.04810220000001664
0.061400899999966896
0.11372199999999566
0.05109229999999343
0.06182690000002822
0.05904920000000402
0.056075399999997444
0.050638999999989665
0.05178169999999227
0.04847120000005134
0.11362050000002455
0.05433289999996305
0.11373900000000958
0.05113899999997784
0.053771100000005845
