0.01363869999999956
0.012090200000001161
0.012358900000000617
0.011861599999999584
0.011742500000000433
0.012218199999999513
0.012925400000000309
0.013322300000000453
0.012100399999999567
0.011896700000001204
0.012039600000001371
0.011499199999999377
0.011715999999999838
0.012944900000000814
0.012223699999999837
0.01262719999999895
0.012345500000000342
0.01199960000000111
0.011756399999999445
0.012504100000001017
0.012018599999999324
0.011298099999999422
0.012227799999999789
0.011925500000000255
0.011597599999999986
0.011661399999999489
0.011465700000000467
0.012474500000001498
0.011789600000000178
0.012098399999999288
0.013015100000000501
0.011660800000001359
0.013396699999999484
0.011782800000000648
0.012477600000000422
0.013090100000001215
0.012402400000000924
0.011840300000001136
0.012297500000000738
0.011393799999998677
0.01249009999999906
0.011400599999999983
0.01148259999999901
0.011817000000000633
0.011694000000000315
0.012231299999999834
0.012020800000000165
0.013091499999999812
0.012423399999999418
0.01187009999999944
0.013470800000000338
0.01403029999999994
0.011692400000001157
0.01283309999999993
0.012694800000000228
0.012071000000000609
0.011678800000000322
0.012473700000001031
0.016652900000000415
0.011860100000001594
0.014717300000000932
0.014781300000000996
0.02408520000000003
0.017693100000000683
0.014322899999999805
0.012655400000001649
0.014295399999999958
0.01275049999999922
0.011487199999999476
0.012012699999999654
0.01177569999999939
0.01529930000000057
0.012578099999998926
0.01178469999999976
0.011813000000000073
0.011517800000000022
0.011583000000001675
0.011647899999999822
0.01227180000000061
0.012225199999999603
0.012132799999999833
0.014125700000001018
0.012937599999997218
0.01311409999999924
0.012927699999998765
0.012959399999999732
0.011713499999999044
0.011844299999999919
0.012450900000001042
0.011727200000002824
0.011843200000001275
0.01182319999999848
0.012785000000000935
0.01175060000000272
0.012263799999999492
0.013169300000001272
0.013259200000000249
0.01196080000000066
0.011611899999998343
0.01321270000000041
