0.013732799999999656
0.01263029999999965
0.013529099999999517
0.01289949999999962
0.011765200000000142
0.013397799999999904
0.011656900000000192
0.013207699999999711
0.012866700000000009
0.013203200000000415
0.013781999999999961
0.014763799999999883
0.014494000000000007
0.013001800000000507
0.013496299999999906
0.012247200000000014
0.01378000000000057
0.013496899999999812
0.012493899999999947
0.012098499999999568
0.01356719999999978
0.012499400000000271
0.014529000000000458
0.012423500000000587
0.013312100000000271
0.011800799999999612
0.013714900000000085
0.011943099999999873
0.019001000000000268
0.0131888
0.01256069999999987
0.013861900000000205
0.013023199999999235
0.01314100000000007
0.012707100000000082
0.01331600000000055
0.014146799999999793
0.013193300000000185
0.012126199999999976
0.013474099999999822
0.012050399999999684
0.0128130999999998
0.013342299999999696
0.013849800000000023
0.01289149999999939
0.013114899999999707
0.012121399999999838
0.012927999999999606
0.01218240000000037
0.012468900000000005
0.012176399999999532
0.01475570000000026
0.012239099999999503
0.013128400000000262
0.01218340000000051
0.01396180000000058
0.012887399999999438
0.012935799999999276
0.01465530000000026
0.020838799999999935
0.018530000000000157
0.0165968000000003
0.013615299999999664
0.014921000000000184
0.01520949999999921
0.012460899999999775
0.01299899999999976
0.015683200000000674
0.015492000000000061
0.01361200000000018
0.014321999999999946
0.01438710000000043
0.012359400000000242
0.013854899999999226
0.013132000000000588
0.012309199999999798
0.01274459999999955
0.012364500000000334
0.015144399999999614
0.012520099999999701
0.012735600000000069
0.01376299999999997
0.012042399999999454
0.013351799999999692
0.014335599999999893
0.013798299999999486
0.014136099999999985
0.012497299999999711
0.012842299999999973
0.012025900000000256
0.013498100000000512
0.012803299999999851
0.012313699999999983
0.013008299999999196
0.012815499999999425
0.012712399999999846
0.012937699999999275
0.013299899999999809
0.01208200000000037
0.012949799999999456
