0.011557800000000285
0.012233300000000114
0.011101599999999934
0.011275499999999994
0.012594500000000508
0.013484499999998789
0.011553500000001549
0.012502299999999522
0.011391999999998959
0.011126500000001371
0.011078700000000552
0.011251700000000753
0.011228300000000857
0.011406799999999606
0.013904700000001213
0.014288200000001083
0.012981499999998647
0.012691300000000183
0.01279240000000037
0.012295099999999337
0.01596379999999975
0.011038899999999074
0.011226999999999876
0.011053400000001545
0.011244899999999447
0.011397099999999938
0.011581600000001302
0.01212939999999918
0.011117500000001002
0.012102000000000501
0.01273259999999965
0.012384499999999576
0.011491200000000035
0.011441600000001273
0.011665999999999954
0.013394299999999859
0.012845600000000346
0.011456399999998368
0.011770600000000186
0.01349200000000117
0.014849500000000404
0.011278900000000647
0.01095920000000028
0.012775599999999443
0.01289549999999906
0.011444600000000804
0.010752300000000048
0.01103590000000132
0.011411100000000118
0.011718899999999977
0.012098099999999334
0.011268300000001119
0.011076700000000272
0.011327700000000718
0.011284599999999756
0.011117700000001562
0.01208500000000079
0.01136970000000126
0.010919200000000018
0.011522899999999225
0.011402600000000263
0.012502100000000738
0.020796999999999954
0.019517199999999235
0.017493299999999934
0.013967199999999735
0.016282999999999603
0.012204199999999332
0.01135080000000066
0.011531599999999642
0.01108529999999952
0.013251600000000252
0.011978400000000278
0.011957100000000054
0.012794200000000089
0.012178099999999858
0.01196170000000052
0.012884500000000187
0.012652100000000388
0.013988799999999912
0.013534999999999187
0.011525199999999458
0.010690699999999609
0.01135190000000108
0.011136399999999824
0.012493400000000321
0.011878100000000558
0.013246599999998665
0.014126400000000316
0.013889600000000613
0.012469400000000519
0.012693500000001023
0.011614600000001474
0.012755699999999592
0.012129699999999133
0.01243639999999857
0.01146100000000061
0.012355400000000571
0.011835399999998941
0.013340200000000024
