0.1141503000000057
0.11584529999998949
0.11395349999997961
0.11261150000001408
0.11515609999997878
0.11304169999999658
0.11424250000004577
0.11399940000001152
0.11706590000000006
0.15661380000000236
0.11721030000001065
0.11604060000001937
0.11425000000002683
0.11726450000003297
0.1148220999999694
0.06764189999995551
0.11433349999998654
0.11690590000000611
0.1158795999999711
0.11407560000003514
0.11506309999998621
0.11402959999998075
0.11628050000001622
0.11631810000000087
0.11411430000003975
0.11935690000001387
0.1146865000000048
0.1127644000000032
0.11454420000001164
0.11303309999999556
0.1159783000000516
0.11639630000001944
0.11733629999997675
0.11846150000002353
0.11394310000002861
0.1141414999999597
0.11487450000004173
0.11367549999999937
0.11394740000002912
0.11675839999998061
0.1152695000000108
0.11366340000000719
0.11393060000000332
0.11578700000001163
0.11609839999999849
0.11711539999998877
0.1135565000000156
0.11618529999998373
0.1256165000000351
0.11327209999996057
0.11849539999997205
0.11511330000001863
0.11308089999999993
0.11467860000004748
0.11236370000000306
0.11423810000002277
0.11444269999998369
0.12784959999999046
0.11436630000002879
0.11737510000000384
0.11654220000002624
0.11488620000000083
0.11646880000000692
0.11329790000002049
0.11528820000000906
0.1190459999999689
0.11895240000001195
0.11424920000001748
0.11311710000001085
0.11426339999997026
0.11558750000000373
0.11395570000001953
0.11525000000000318
0.1149340000000052
0.11326000000002523
0.11290890000003628
0.1150567000000251
0.11643109999999979
0.11489469999997937
0.11499429999997801
0.11255160000001752
0.11398090000000138
0.11431360000000268
0.11442790000000969
0.1159471999999937
0.11325429999999415
0.061129200000038963
0.11468560000002981
0.1125217999999677
0.11252089999999271
0.113398200000006
0.11559610000000475
0.11561100000000124
0.11520489999998063
0.11437519999998358
0.11431129999999712
0.1196945999999457
0.11383669999997892
0.11656739999995125
0.11220120000001543
