0.012351000000000667
0.01178769999999929
0.012347899999999967
0.014861399999999136
0.013076400000000987
0.013128800000000496
0.011503799999999842
0.011891699999999616
0.013390199999999908
0.012151700000000432
0.011831400000000158
0.013531800000000871
0.01236879999999907
0.012897399999999948
0.011249799999999865
0.011728600000001421
0.0112912000000005
0.013035299999998529
0.012565799999999072
0.011802499999999938
0.013146700000000067
0.01237599999999972
0.013344999999999274
0.012091500000000366
0.012787000000001214
0.012035900000000765
0.01239789999999985
0.01400529999999911
0.013134199999999652
0.012829399999999325
0.011546499999999682
0.012292799999999104
0.012870200000000054
0.012337399999999832
0.012552999999998704
0.011512299999999698
0.011520600000000769
0.011792399999999148
0.01433540000000022
0.016496200000000627
0.014413499999999857
0.012002599999998864
0.01159110000000041
0.012938600000000022
0.011562100000000797
0.011751800000000756
0.012966900000000336
0.013516299999999148
0.013196399999999997
0.011773800000000278
0.011474500000000276
0.013844999999999885
0.012316999999999467
0.01146769999999897
0.012035000000000906
0.011778099999999014
0.011503299999999328
0.01432029999999962
0.012929800000000213
0.01635060000000088
0.01940839999999966
0.01860700000000115
0.01544409999999985
0.013127800000001244
0.013753499999999974
0.012060899999999819
0.011092200000000219
0.011320599999999459
0.011013900000000021
0.013545900000000444
0.012381000000001308
0.011888100000000179
0.012105099999999425
0.011514200000000585
0.011720099999999789
0.011792899999999662
0.012537400000001142
0.012383200000000372
0.012329300000001098
0.01163490000000067
0.014071700000000575
0.012591699999999761
0.012018299999999371
0.012097800000001158
0.011687499999998963
0.012005300000000219
0.01256600000000141
0.01319780000000037
0.013414799999999616
0.013230899999999934
0.011852499999999822
0.01346299999999978
0.0129134999999998
0.013660199999998568
0.01217630000000014
0.01255579999999945
0.012905500000000458
0.013994300000000237
0.014605000000001311
0.014486599999999683
