0.014957499999997736
0.012302099999999427
0.015137700000000365
0.014547300000000263
0.013616300000002468
0.01645549999999929
0.013510400000001255
0.01611650000000253
0.01474849999999961
0.013985300000001644
0.01320000000000121
0.013160599999999079
0.013122800000001433
0.01377910000000071
0.013795900000001637
0.013388700000000142
0.01363449999999844
0.014170900000003428
0.013094599999998735
0.014838799999999708
0.013338800000003204
0.013814400000001115
0.013498399999999577
0.014695499999998418
0.014269299999998708
0.012884499999998411
0.01510640000000052
0.012944800000003198
0.013882100000000008
0.014401299999999395
0.012671099999998603
0.013702400000003223
0.013962200000001701
0.012615499999999003
0.012690700000000277
0.014693999999998653
0.0125358999999996
0.014768000000000114
0.012407900000003025
0.012271200000000704
0.012199200000001298
0.014487299999998982
0.015094200000000058
0.013965600000002354
0.013716099999999898
0.012881600000000049
0.01339619999999897
0.012741199999997121
0.01279040000000009
0.014807799999999816
0.013197599999998033
0.012932100000000446
0.015130200000001537
0.013027100000002179
0.012919300000000078
0.015154200000001339
0.01458910000000202
0.013217799999999613
0.014758100000001662
0.02088600000000085
0.019317600000000823
0.025349000000002064
0.01451810000000009
0.016957200000000228
0.013723299999998773
0.014316599999997237
0.013954000000001798
0.013293399999998456
0.015009800000001405
0.015304199999999213
0.013071500000002345
0.01569910000000263
0.013238300000001146
0.014547999999997785
0.013338700000002035
0.013657600000001935
0.013491999999999393
0.013568499999998096
0.0142288999999991
0.01452510000000018
0.013367899999998656
0.01313299999999984
0.013387099999999208
0.014252800000001287
0.013922400000002
0.012238299999999924
0.013048200000000065
0.014632799999997559
0.013055899999997678
0.01319809999999677
0.014464100000001423
0.013544500000001847
0.013888600000001361
0.01376989999999978
0.013213100000001532
0.012957400000001229
0.012164400000003184
0.01419270000000239
0.015239600000001019
0.014618200000001025
