0.011837100000001044
0.010976400000000552
0.011419700000001143
0.011417899999997871
0.010901199999999278
0.010943699999998557
0.01256999999999664
0.01211669999999998
0.012711099999997089
0.012318300000000448
0.011188999999998117
0.011551599999997109
0.011186099999999755
0.011117699999999786
0.013558599999999643
0.013010900000001158
0.010726200000000574
0.011315399999997311
0.011078300000001207
0.011042799999998465
0.011827400000001376
0.01213719999999796
0.01107239999999976
0.011504899999998486
0.010856499999999158
0.012635800000001751
0.012674800000002762
0.012418000000000262
0.01228439999999864
0.012031600000000253
0.012037700000000484
0.011554799999998977
0.012033699999999925
0.01105890000000187
0.011803599999996806
0.011559999999999349
0.01231819999999928
0.012035000000000906
0.01154860000000113
0.010484200000000499
0.010797000000000168
0.010888600000001247
0.012518599999999935
0.010941899999998839
0.011497899999998396
0.011544799999999356
0.011444499999999636
0.011766900000001357
0.011383999999999617
0.011521600000001797
0.012411200000002509
0.011125400000000951
0.012037499999998147
0.011037300000001693
0.011508100000000354
0.011642299999998329
0.012537999999999272
0.012061700000000286
0.01239259999999831
0.01258980000000065
0.011996800000002139
0.011623799999998852
0.011666800000000421
0.011042199999998559
0.01150260000000003
0.01115479999999991
0.012443099999998708
0.015120199999998363
0.018233199999997396
0.01774340000000052
0.013904800000002382
0.012323200000000867
0.013720199999998073
0.012530999999999182
0.011017299999998897
0.011020800000000719
0.010507900000000348
0.010329599999998607
0.012897900000002238
0.013573899999997252
0.010515699999999129
0.01198349999999948
0.011760100000000051
0.011605500000001712
0.011064300000001026
0.011108700000001193
0.01042280000000062
0.01096599999999981
0.010544100000000611
0.011322700000000907
0.011081800000003028
0.013259800000000155
0.011948700000001367
0.012145100000001463
0.012441899999998896
0.012350300000001369
0.013002100000001349
0.012113699999996896
0.011762300000000891
0.012371399999999255
