0.014490200000000897
0.01511300000000304
0.014825900000001724
0.013980100000001272
0.013709900000002051
0.014030699999999285
0.014202499999999674
0.014570499999997821
0.01583749999999995
0.015559899999999516
0.014147699999998764
0.014985599999999266
0.014782300000000248
0.015066600000000818
0.014061099999999271
0.014601799999997667
0.015877899999999556
0.015952399999999756
0.01414100000000218
0.013440200000001568
0.01503579999999971
0.01398370000000071
0.01811089999999993
0.014238699999999938
0.016193799999999925
0.014617399999998781
0.013149900000001935
0.016285199999998667
0.015343099999999055
0.013111699999999615
0.013219100000000594
0.013707499999998873
0.014204400000000561
0.013865299999999081
0.01477819999999852
0.014933399999996766
0.014753500000001196
0.013723599999998726
0.015793000000002166
0.014173599999999453
0.013911900000000088
0.014692200000002487
0.014277299999999826
0.014201499999998646
0.013379799999999165
0.012757300000000527
0.015372499999998013
0.01464329999999947
0.01337119999999814
0.013601100000002475
0.01484620000000092
0.013458499999998708
0.012612900000000593
0.014689600000000524
0.015791199999998895
0.015352599999999939
0.017156499999998687
0.019542999999998756
0.01989329999999967
0.02471050000000119
0.014467799999998476
0.015300100000001038
0.013990400000000847
0.013922199999999663
0.01327230000000057
0.0132261999999983
0.01543709999999976
0.013067699999997018
0.013425500000000312
0.013040199999998947
0.01578879999999927
0.016230399999997758
0.01468359999999791
0.01311640000000125
0.01490490000000122
0.012922400000000778
0.015083000000000624
0.014847799999998301
0.015269100000001146
0.014067799999999409
0.016599100000000533
0.014564700000001096
0.015315200000003415
0.013916800000000507
0.014880900000001418
0.013130300000000261
0.014437600000000828
0.013989899999998556
0.014109700000002334
0.013001600000002611
0.014426000000000272
0.01449389999999795
0.013607699999997891
0.01323149999999984
0.01458549999999903
0.01275760000000048
0.014876099999998615
0.014457700000001239
0.012812199999999052
0.014863299999998247
