0.01368410000000253
0.01447729999999936
0.01479229999999987
0.015521100000000843
0.014264199999999505
0.013870899999997022
0.014262899999998524
0.015910100000002814
0.014592900000000242
0.014452500000000867
0.014701800000000986
0.017358200000000323
0.013896200000001357
0.01569729999999936
0.015377399999998431
0.015927099999998973
0.014698700000000287
0.01475770000000054
0.014073599999999686
0.01395300000000077
0.013791600000001125
0.017487900000002554
0.013820800000001299
0.014331199999997324
0.013761799999997493
0.015077200000000346
0.015489700000003381
0.01372519999999966
0.014701099999999911
0.01702929999999725
0.015405300000001176
0.014264099999998336
0.014828399999998965
0.015431200000001866
0.015323000000002196
0.014917099999998129
0.015366000000000213
0.013350400000000207
0.016116300000000194
0.016752199999999107
0.016376600000000963
0.016078300000000212
0.014384499999998468
0.013766099999998005
0.015042499999999848
0.013431499999999374
0.01320090000000107
0.01479050000000015
0.015527999999999764
0.01332829999999774
0.014462500000000489
0.014376699999999687
0.014542899999998582
0.013234500000002924
0.015536199999999667
0.015162100000001288
0.017373100000000363
0.024986800000000642
0.024484199999999845
0.015769000000002364
0.01773770000000141
0.016552199999999573
0.013542399999998622
0.013872500000001509
0.014562800000000209
0.01791380000000231
0.013976400000000666
0.014770599999998524
0.013476899999997016
0.014427600000001206
0.014011799999998686
0.013614499999999197
0.014411400000000185
0.014449100000000215
0.014858300000000213
0.01685409999999976
0.01405640000000119
0.01512880000000294
0.013225800000000731
0.015886399999999412
0.013087299999998692
0.01353499999999741
0.01366960000000006
0.013921400000000972
0.01469810000000038
0.016048000000001394
0.017286599999998487
0.013487000000001359
0.013640000000002317
0.013539600000001428
0.014353799999998529
0.014049499999998716
0.013461299999999454
0.0142971999999979
0.015041000000000082
0.015495900000001228
0.016554800000001535
0.015999199999999547
0.015887599999999225
0.01487849999999824
