0.013231699999998625
0.013759000000000299
0.013889800000001173
0.012982499999999675
0.01340719999999962
0.012560699999998093
0.015434599999998966
0.012902100000001582
0.013503100000001211
0.014279900000001788
0.01300769999999929
0.01316800000000029
0.013473999999998654
0.014099399999999207
0.012661399999998935
0.013164699999997254
0.012656200000002116
0.01250869999999793
0.013911000000000229
0.012833900000000398
0.015315399999998647
0.014452999999999605
0.012880100000000283
0.014000400000000468
0.012768200000000007
0.015275700000000114
0.012888000000000233
0.013148500000003338
0.014268300000001233
0.013785699999999679
0.014651300000000589
0.013145099999999132
0.013552000000000675
0.012942899999998758
0.014011899999999855
0.014429400000000925
0.014191399999997856
0.013747699999999696
0.013469300000000572
0.013425900000001434
0.01344840000000147
0.014071399999998846
0.011916199999998156
0.013678200000001084
0.013089499999999532
0.013610800000002143
0.015780800000001705
0.01569339999999997
0.012682999999999112
0.013442900000001146
0.012933900000000165
0.012294599999997047
0.012048499999998796
0.01218669999999733
0.012599000000001581
0.013115599999999006
0.01262660000000082
0.012388500000000136
0.012405399999998679
0.013488299999998787
0.020568999999998283
0.022394699999999546
0.018527699999999925
0.014273500000001604
0.015684400000001375
0.013410400000001488
0.012882099999998786
0.012186800000002052
0.012042999999998472
0.012868699999998512
0.013235899999997969
0.01411200000000079
0.013362299999997163
0.013253499999997587
0.011999400000000549
0.012132699999998664
0.01357060000000132
0.013864900000001512
0.014463099999996842
0.014778799999998427
0.013706200000001445
0.013192900000003505
0.012242300000000483
0.016173200000000776
0.01563369999999864
0.013866799999998847
0.012621099999996943
0.013538400000001616
0.014101199999998926
0.013440100000000399
0.0154330999999992
0.012644000000001654
0.012503599999998727
0.013780600000000476
0.014466499999997495
0.01511589999999785
0.014233700000001903
0.012333999999999179
0.012877400000000705
0.012242799999999221
