0.012958599999997489
0.015098099999999448
0.013510799999998824
0.011956700000002485
0.012093300000000085
0.017029499999999587
0.012458500000001038
0.01333969999999951
0.012585600000001307
0.012744800000000112
0.014107100000000372
0.014663999999999788
0.013219599999999332
0.012518599999999935
0.013118800000000874
0.013400799999999435
0.012407400000000735
0.012116899999998765
0.012096699999997185
0.012327800000001332
0.012454099999999357
0.01220299999999952
0.015608600000000195
0.014223199999999991
0.014207800000001214
0.01494339999999994
0.012409900000001528
0.012020499999998435
0.013319199999997977
0.014289699999999073
0.012354199999997206
0.012785400000002056
0.011899100000000828
0.013340299999999417
0.012486700000000184
0.013090899999998129
0.012931999999999277
0.01231250000000017
0.013142600000001892
0.0131736999999994
0.01173520000000039
0.012285499999997285
0.014062400000000252
0.012587000000003457
0.013349099999999225
0.01373530000000045
0.013445600000000724
0.013562899999996603
0.011933400000000205
0.01202340000000035
0.012954799999999267
0.01305849999999964
0.012104799999999472
0.011572499999999764
0.013223899999999844
0.012126999999999555
0.013201099999999855
0.012311900000000264
0.012133500000000907
0.013104399999999572
0.014133499999999799
0.014297599999999022
0.022319299999999487
0.01764659999999907
0.01946799999999982
0.013218699999999473
0.014091999999997995
0.012241700000000577
0.011667400000000328
0.011780099999999294
0.011998099999999567
0.011922399999999556
0.014405599999999907
0.013191400000000186
0.012233399999999506
0.013057500000002165
0.012150200000000666
0.0116632999999986
0.011813999999997549
0.011113300000001658
0.013684600000001268
0.012056999999998652
0.011257000000000517
0.01281799999999933
0.012525100000001288
0.012570300000000145
0.013223299999999938
0.013603400000000931
0.01180349999999919
0.012448600000002585
0.012252000000000152
0.012928899999998578
0.011758100000001548
0.011216699999998525
0.011584800000001394
0.012557099999998655
0.01378559999999851
0.012823900000000776
0.01219960000000242
0.011602599999999796
