0.010328799999999916
0.011884900000001863
0.01072200000000123
0.010083999999999094
0.010353599999998409
0.01051220000000086
0.012210400000000732
0.010289900000000074
0.0115204999999996
0.01046129999999934
0.011728500000000253
0.012612399999998303
0.010635399999998185
0.011191000000000173
0.010605800000000443
0.010873000000000133
0.010645800000002481
0.010738699999997436
0.01095809999999986
0.010956799999998879
0.011378400000001676
0.011165599999998221
0.010393700000001616
0.010641700000000753
0.010698200000000213
0.010158699999998078
0.010777499999999662
0.012036200000000719
0.010433600000002485
0.010764900000001631
0.011008400000001473
0.010003300000001047
0.010395700000000119
0.01057169999999985
0.010109400000001045
0.011976000000000653
0.010430100000000664
0.010204099999999272
0.011086300000002325
0.011181400000001673
0.010971900000001256
0.011672700000001868
0.010544400000000564
0.01252099999999956
0.012974200000002156
0.01054279999999963
0.01041269999999983
0.012909900000000363
0.011071799999999854
0.014750400000000496
0.010497900000000726
0.010161799999998777
0.010584300000001434
0.01064399999999921
0.011231699999999734
0.0113348000000002
0.011478300000000274
0.010977000000000459
0.011798000000002418
0.012372400000000283
0.012202300000001998
0.012504300000003354
0.011525499999997635
0.010357400000000183
0.011010899999998713
0.012350299999997816
0.017997199999999935
0.018765899999998226
0.015263100000002083
0.013829699999998724
0.012108199999996572
0.014239299999999844
0.01042449999999917
0.010363500000000414
0.011610199999999793
0.01155069999999725
0.014146400000001336
0.011461600000000516
0.010546300000001452
0.011096699999999515
0.011487100000000083
0.011922399999999556
0.010454200000001634
0.01082659999999791
0.011594000000002325
0.012249199999999405
0.010470699999999056
0.010519299999998566
0.011908699999999328
0.011796400000001483
0.01075710000000285
0.011531600000001418
0.010407199999999506
0.010765899999999107
0.010477800000000315
0.010876399999997233
0.009941099999998926
0.010851800000001077
0.011794000000001859
0.010950699999998648
