0.015094699999998795
0.014293999999999585
0.01615309999999681
0.015492999999999313
0.016263000000002137
0.014342000000006294
0.015014900000004161
0.015877499999994882
0.018143399999999588
0.015856200000001763
0.01768960000000419
0.015344299999995314
0.016717200000002208
0.018000000000000682
0.014693899999997484
0.014529299999999523
0.015870299999996007
0.01622950000000145
0.015460399999994934
0.017237899999997808
0.013966899999999782
0.01621520000000487
0.01763079999999917
0.019093699999999103
0.01862419999999787
0.019666800000003093
0.01774369999999692
0.016056499999997698
0.017530800000002955
0.017918799999996793
0.015594600000000014
0.015610599999995145
0.016891700000002174
0.01750069999999937
0.016598899999998196
0.015531500000001586
0.015827200000003927
0.01705390000000051
0.016083799999996984
0.016296000000004085
0.014300699999999722
0.016576900000004002
0.017068200000004197
0.016508800000003987
0.017324399999999684
0.016525399999999024
0.015003999999997575
0.01498589999999922
0.01924430000000399
0.016739600000001076
0.015715499999998883
0.017689099999998348
0.028234300000001156
0.034651199999998994
0.020576800000000617
0.018421400000001142
0.014987300000001369
0.01799079999999975
0.015952500000004477
0.02106539999999768
0.015666699999997036
0.015010699999997712
0.01749179999999484
0.019571300000002623
0.01652260000000183
0.015213500000001545
0.015037900000002935
0.015594700000001183
0.015415900000000704
0.016289099999994505
0.013771900000001835
0.01712450000000132
0.01969580000000093
0.020102799999996535
0.019615199999996946
0.01537850000000418
0.01386670000000123
0.015998700000004362
0.015998600000003194
0.01629249999999871
0.013764299999998286
0.0145935000000037
0.017370900000003076
0.016731999999997527
0.01720279999999974
0.014737699999997744
0.014654999999997642
0.014104400000000794
0.01844729999999828
0.016097599999994827
0.015107300000003931
0.01667150000000106
0.017099600000001658
0.018298800000003723
0.015893800000000624
0.015196099999997159
0.015528299999999717
0.016820700000003797
0.01495570000000157
0.016719500000000664
