0.01138480000000186
0.011596599999997181
0.0118619999999936
0.014716899999996258
0.011293300000005502
0.011097700000000543
0.014060899999996934
0.012562899999998933
0.01128179999999901
0.013509200000001442
0.012448700000000201
0.011401399999996897
0.011204599999999232
0.012242300000004036
0.012555700000000058
0.01053959999999421
0.012298700000002327
0.012460500000003094
0.011158500000000515
0.011713199999995538
0.010820800000004738
0.011256500000001779
0.011066299999995977
0.014830699999997421
0.013787499999999397
0.012178800000000933
0.011599300000000312
0.011638699999998892
0.011487400000000036
0.01019250000000227
0.011222400000001187
0.01217630000000014
0.012078799999997614
0.011467899999999531
0.01168909999999812
0.012717399999999657
0.0175293999999937
0.024580799999995406
0.015308299999993835
0.013978999999999075
0.012443799999999783
0.012381099999998924
0.011097499999998206
0.011299000000001058
0.010640100000003372
0.011001600000000167
0.010965900000002193
0.011923400000000584
0.012046900000001415
0.012072199999998645
0.012230799999997544
0.012300700000004383
0.012059200000003045
0.01301639999999793
0.01139410000000396
0.012332000000000676
0.012535800000001984
0.012388399999998967
0.012586900000002288
0.01427749999999861
0.012889800000003504
0.01196679999999617
0.011541099999995197
0.011985899999999106
0.011992200000001674
0.010976499999998168
0.011322599999999738
0.012031999999997822
0.01229579999999686
0.011501699999996617
0.011258699999999067
0.011093099999996525
0.012792500000003315
0.01115750000000304
0.012527699999999697
0.011925099999999134
0.012457200000000057
0.012759500000001367
0.012933599999996659
0.011229499999998893
0.011426600000000064
0.010211999999995669
0.012143099999995854
0.01128010000000046
0.010612399999999411
0.011269000000005747
0.010871999999999105
0.011514599999998154
0.011861500000001968
0.013334299999996801
0.012019800000004466
0.013094999999999857
0.012028999999998291
0.011872900000000186
0.01132080000000002
0.0117214000000061
0.012625299999996287
0.011724200000003293
0.011487899999998774
0.011175199999996721
