0.01514129999999625
0.013851799999997638
0.015644799999996906
0.015673900000003016
0.016539600000001542
0.015003800000002343
0.01730420000000521
0.016437899999999672
0.016490000000004557
0.019347699999997303
0.015142099999998493
0.01444800000000157
0.015799799999996367
0.01867289999999855
0.015416700000002947
0.017966099999995322
0.015557099999995216
0.019225099999999884
0.017347600000000796
0.017652499999996962
0.015613799999997013
0.015463599999996802
0.017929799999997442
0.01513779999999798
0.01554079999999658
0.014018599999999992
0.013407900000004247
0.015649199999998586
0.017568999999994617
0.01706079999999588
0.014145900000002598
0.014182200000000478
0.016449700000002565
0.015613000000001875
0.0168721000000005
0.016775799999997787
0.012552900000002865
0.014887900000005061
0.019320300000003954
0.0167386000000036
0.014182999999995616
0.016013700000002018
0.016447399999997003
0.01601970000000108
0.0156630999999976
0.015547699999999054
0.015316900000001965
0.013592499999994345
0.015368999999999744
0.01896749999999514
0.013456600000004926
0.014925699999999154
0.021803900000001875
0.027551100000003714
0.03318020000000388
0.016998299999997357
0.015585799999996652
0.016945200000002103
0.01515189999999933
0.013851199999997732
0.014418800000001397
0.013787399999998229
0.014702800000002014
0.01611729999999767
0.015037700000000598
0.014633799999998587
0.013879599999995662
0.01621629999999641
0.016573300000004565
0.01641959999999898
0.019473100000006127
0.014889200000006042
0.016958600000002377
0.016168099999994467
0.015754899999997463
0.014199800000000096
0.013788700000006315
0.01576230000000578
0.01628469999999993
0.015214399999997852
0.014401599999999348
0.013452600000000814
0.016900900000003105
0.01648160000000587
0.015151999999993393
0.013545399999998153
0.014297100000000285
0.015440699999999197
0.015295799999996973
0.015193899999999871
0.013542000000001053
0.013802599999998222
0.014170199999995248
0.01433749999999634
0.014760500000001286
0.015686999999999784
0.015540200000003779
0.018414900000003342
0.01644770000000051
0.015614799999994489
