0.01332519999999704
0.012425700000001427
0.0148824999999988
0.018625099999994177
0.013680999999998278
0.012011400000005779
0.013144900000000348
0.014232100000000969
0.01315429999999651
0.014472100000006094
0.013089400000005469
0.013618399999998587
0.01491569999999598
0.014658499999995911
0.015309099999996079
0.013896000000002573
0.013101900000002331
0.015279399999997167
0.014993000000004031
0.014485699999994495
0.01334849999999932
0.012572099999999864
0.01654110000000486
0.01558599999999899
0.015249100000005456
0.01361789999999985
0.012111500000003161
0.015163999999998623
0.014018599999999992
0.015900199999997255
0.013628699999998162
0.012319800000000214
0.015146899999997743
0.012946100000000627
0.01496840000000077
0.011617499999999836
0.014427099999998916
0.016919999999998936
0.016168000000000404
0.015656900000003304
0.013145899999997823
0.011484099999997
0.013070599999998933
0.013926800000000128
0.014135100000004286
0.014069700000000296
0.01265009999999478
0.014202699999998458
0.017184200000002647
0.015359899999999982
0.014918800000003785
0.012965599999994026
0.01458329999999819
0.01418960000000169
0.015326799999996865
0.0133371000000011
0.013631300000000124
0.01908740000000364
0.02434459999999916
0.026637600000000816
0.01732200000000006
0.01343609999999984
0.015829400000001215
0.013726200000000688
0.012824299999998345
0.012061299999999164
0.01437440000000123
0.01692769999999655
0.012900999999999385
0.017619599999996183
0.012641000000002123
0.013093599999997707
0.013825099999998258
0.016577599999997972
0.013257500000001698
0.015214000000000283
0.012581599999997195
0.01427720000000221
0.014306699999998784
0.014787599999998235
0.014070300000000202
0.013160399999996741
0.013665199999998379
0.013558899999999596
0.016240400000000932
0.01302700000000101
0.013000099999999293
0.014697299999994584
0.015187099999998566
0.013286700000001872
0.013753200000003574
0.012493400000003874
0.013678699999999822
0.01406910000000039
0.016069899999997972
0.014262000000002217
0.012741999999995812
0.013609000000002425
0.015490300000003288
0.012836100000001238
