0.01623509999999584
0.014992999999996925
0.0156664999999947
0.015506899999998325
0.017178600000001154
0.016836900000001265
0.016405999999996368
0.016785400000003392
0.01749579999999895
0.016432100000002947
0.01716340000000116
0.01737190000000055
0.017111599999999783
0.016835899999996684
0.0171418999999986
0.018779600000002006
0.018115200000003995
0.018566700000000935
0.01654100000000369
0.017564200000002472
0.01571750000000094
0.014848499999999376
0.01787800000000317
0.017462299999998265
0.02301159999999669
0.01580990000000071
0.017568599999997048
0.016021099999996125
0.01769649999999956
0.016569300000000453
0.019107399999995778
0.016007099999995944
0.017058199999993917
0.017948199999999304
0.018224899999999877
0.01654999999999518
0.01773099999999772
0.017559399999996117
0.01757799999999321
0.01879989999999765
0.01537710000000203
0.015506600000001924
0.016996599999998807
0.016073900000002084
0.016912599999997724
0.01609470000000357
0.01945570000000174
0.01646170000000069
0.018521599999999694
0.029468299999997782
0.02668090000000234
0.026679299999997852
0.02310849999999931
0.01801489999999717
0.017239299999999957
0.01417899999999861
0.015447799999996903
0.019719199999997272
0.016245499999996582
0.018273200000002987
0.01580200000000076
0.013777099999998654
0.017158699999995974
0.021070799999996837
0.019821700000001385
0.013984999999998138
0.018687700000000973
0.01778540000000106
0.018180299999997374
0.016804199999995717
0.021338599999999985
0.014714299999994296
0.01859089999999952
0.016366500000003725
0.016900899999996
0.018409699999999418
0.01679160000000479
0.016829899999997622
0.01825110000000052
0.017173800000001904
0.015737199999996676
0.016018799999997668
0.019077700000003972
0.01706020000000308
0.016551999999997236
0.01847389999999649
0.014933700000000272
0.016378099999997175
0.015746299999996438
0.015715000000000146
0.016685699999996473
0.015890999999996325
0.014605899999999394
0.023195600000001093
0.018134699999997395
0.015713999999995565
0.019184799999997892
0.01684380000000374
0.016883299999996382
0.016741299999999626
