0.019261000000000195
0.021528199999998776
0.02036369999999721
0.02316369999999779
0.0199276000000026
0.02094860000000409
0.02043459999999442
0.02065270000000652
0.02380799999999539
0.02048249999999996
0.02250529999999884
0.020673000000002162
0.023700499999996794
0.022381700000003946
0.02248159999999899
0.022933800000004112
0.01955170000000095
0.023501199999998335
0.019071699999997804
0.019311900000005267
0.022778500000001145
0.02274049999999761
0.022619900000002247
0.021939500000002
0.02265769999999634
0.017993199999999376
0.019399100000001113
0.0225775999999982
0.019344599999996603
0.020552000000002124
0.020699200000002804
0.019412600000002556
0.01835169999999664
0.019360800000001177
0.02138199999999557
0.021848299999994936
0.021293399999997575
0.019445699999998567
0.024220100000000855
0.018677700000004904
0.019030200000003106
0.026077299999997194
0.02851090000000056
0.032131899999995994
0.025192199999999332
0.029404800000001785
0.02901390000000248
0.0201911999999993
0.02076799999999679
0.02068739999999991
0.020958100000001423
0.021707999999989624
0.02552959999999871
0.019111300000005826
0.021024500000009994
0.02044300000000021
0.021289899999999307
0.021636000000000877
0.02138859999999454
0.02115659999999764
0.024449000000004162
0.022342499999993493
0.02416699999999139
0.019037900000000718
0.02075770000000432
0.01848669999999686
0.022104400000003466
0.018942100000003848
0.020106900000001815
0.022608699999992155
0.0236782000000062
0.023200599999995575
0.01859299999999564
0.01853560000000698
0.02082970000000728
0.0206548999999967
0.02271029999999996
0.02400310000000161
0.02046359999999936
0.020785799999998744
0.021234500000005596
0.020007199999994896
0.018951599999994073
0.022148799999996527
0.01967870000000005
0.023303999999995995
0.018197600000007697
0.02405170000000112
0.01896140000000912
0.0206162000000063
0.02005169999999623
0.019042900000002305
0.02207039999998983
0.021254199999987122
0.019591200000007802
0.02419579999998689
0.02328319999999451
0.024257300000002147
0.02192200000000355
0.022593799999995667
