0.013919699999995316
0.01666409999999985
0.015014699999994718
0.014928300000001116
0.017011399999994126
0.01656820000000181
0.01613400000000098
0.018275200000005043
0.019163200000001268
0.01547639999999717
0.01570040000000006
0.014285000000000991
0.016768899999995313
0.015918500000005054
0.01816490000000215
0.018513500000004512
0.016429600000002154
0.015429399999995042
0.015718599999999583
0.02097090000000179
0.017741699999994864
0.014219600000004107
0.016627299999996126
0.015067500000000678
0.016979300000002695
0.01736479999999574
0.018074699999999666
0.013757300000001749
0.015753700000004756
0.017156499999998687
0.015760600000000125
0.01871659999999764
0.020427499999996712
0.015374599999994132
0.018995399999994333
0.01568319999999801
0.013992799999996919
0.02289700000000039
0.01634899999999817
0.013650099999999554
0.016208599999998796
0.01846159999999486
0.014204900000002851
0.01617310000000316
0.016592100000003995
0.01546069999999844
0.018793199999997512
0.018535399999997537
0.015908199999998374
0.017926699999996742
0.015758600000005174
0.014521699999995974
0.028741600000003587
0.02446889999999513
0.023205600000004267
0.02091779999999943
0.01800389999999652
0.0157579000000041
0.01610799999999557
0.01584590000000219
0.01638910000000493
0.017188000000004422
0.016092799999995577
0.01597590000000082
0.01611530000000272
0.015573799999998528
0.014979799999998988
0.01779780000000386
0.017479899999997883
0.015893300000001886
0.01788479999999737
0.017936800000001085
0.014234700000002931
0.015147499999997649
0.016854000000002145
0.01404439999999596
0.01616289999999765
0.01633740000000472
0.014060600000000534
0.01746949999999714
0.01654750000000149
0.01824009999999987
0.017522399999997162
0.015538100000000554
0.013376299999997343
0.017130000000001644
0.015876300000002175
0.016253500000004806
0.018527699999999925
0.01791889999999796
0.016573100000002228
0.016347200000005557
0.016260899999998912
0.014583800000004032
0.017667899999999293
0.01549529999999777
0.016010600000001318
0.015274300000001517
0.017615300000002776
0.016989599999995164
