0.012376099999997336
0.02386640000000284
0.013108300000006068
0.01147210000000598
0.012289799999997797
0.012504100000001017
0.011843300000002444
0.01199760000000083
0.012261600000002204
0.01190830000000176
0.012203499999998257
0.011774699999996585
0.011926099999996609
0.013209199999998589
0.012310100000000546
0.011131900000002304
0.013420200000005877
0.012220200000001569
0.011871999999996774
0.012218199999999513
0.014170499999998754
0.011127299999998286
0.012740200000003199
0.013605800000000556
0.010717499999998381
0.013609200000004762
0.013024100000002647
0.011354599999997106
0.013147599999996373
0.014762499999996237
0.012070500000000095
0.01581499999999636
0.02110489999999743
0.017990000000004613
0.01597740000000414
0.014680900000001884
0.015118900000004487
0.012614499999997975
0.014327399999999102
0.010050700000000745
0.011657100000000753
0.012342199999999082
0.012168700000003696
0.014297399999996685
0.012523600000001522
0.011166300000006402
0.011795100000000502
0.012291699999998684
0.01180999999999699
0.013464100000000201
0.01294690000000287
0.013095300000003363
0.014082600000001833
0.01321190000000172
0.014075399999995852
0.013497899999997287
0.012177900000004627
0.012070800000003601
0.01597799999999694
0.012570799999998883
0.010637400000000241
0.012602199999996344
0.012802499999999384
0.013151999999998054
0.013718799999999476
0.016946000000004346
0.014096799999997245
0.012190600000003826
0.013988699999998744
0.01203010000000404
0.013166099999999403
0.014654000000000167
0.012037200000001747
0.013487200000000144
0.015485900000001607
0.012423300000001802
0.01319780000000037
0.015674300000000585
0.011622400000000255
0.013612600000001862
0.013335499999996614
0.012040899999995247
0.013699099999996633
0.015038099999998167
0.012436899999997308
0.0128708999999958
0.013226800000005312
0.011665100000001871
0.012797200000001396
0.012177199999996446
0.012645399999996698
0.015420300000002385
0.014158500000000629
0.011694399999996108
0.013092100000001494
0.012214499999998907
0.012708400000001063
0.013310300000000552
0.013323099999993815
0.011859400000005849
