0.022737599999999247
0.026245499999987487
0.026374300000000517
0.020978700000000572
0.0244500999999957
0.022688000000002262
0.022024700000002895
0.02017739999999435
0.02007879999999318
0.018617200000008438
0.024107599999993568
0.02154850000000863
0.0234380999999928
0.02020229999999401
0.02107269999999062
0.02268709999999885
0.021350800000007553
0.02627520000000061
0.026336099999994644
0.02516090000000304
0.02282439999999042
0.02757990000000632
0.021921099999985927
0.019361599999996315
0.018423599999991325
0.021019100000003732
0.026585799999992332
0.021551700000003393
0.02171579999999551
0.02149059999999281
0.024809099999998807
0.023365799999993442
0.023584599999992406
0.02076679999998987
0.02135699999999474
0.02322669999999505
0.022412299999999163
0.020635299999995027
0.025935799999999176
0.038701599999996006
0.03522799999998938
0.029825399999992896
0.031562600000000884
0.01917469999999355
0.03046770000000265
0.024826499999988982
0.02256140000000073
0.022457199999990962
0.023921299999997814
0.022950500000007423
0.022205799999994724
0.020675099999991176
0.020730700000001434
0.02045429999999726
0.022076200000000767
0.023438999999996213
0.024995799999999235
0.021493899999995847
0.022035500000001207
0.021533099999999195
0.021430899999998587
0.02339399999999614
0.02220340000000931
0.018282400000003918
0.0229746999999918
0.024599899999998343
0.02282750000000533
0.020816299999992793
0.021258499999987635
0.022585599999999317
0.021715999999997848
0.02241639999999734
0.02092919999999765
0.02326349999999877
0.02298180000001082
0.024997100000007322
0.022947799999997187
0.0209401999999983
0.025550300000006132
0.022329200000001492
0.023709499999995387
0.02079580000000192
0.02071080000000336
0.020786199999989208
0.02335920000000158
0.022853400000002466
0.020180099999990375
0.020586999999991917
0.0246964000000105
0.018299200000001292
0.026919800000001715
0.022447900000003074
0.020981100000000197
0.0232026999999988
0.02710359999998957
0.022180099999999925
0.02046839999999861
0.024386399999997366
0.021420599999999013
0.022157500000005825
