0.02295660000000055
0.025396499999999378
0.022991299999986836
0.027440300000009188
0.02263569999999504
0.020792600000007155
0.024579299999999193
0.026042500000002633
0.027706599999987702
0.02826679999999726
0.02867700000000184
0.026078799999993407
0.02739149999999313
0.02369660000000806
0.023645000000001914
0.02506289999999467
0.025806700000003957
0.028215700000004063
0.023453799999998637
0.02763869999999713
0.029393999999996367
0.02647890000000075
0.02311009999999669
0.02630409999999017
0.026056900000000383
0.025799800000001483
0.02440260000000194
0.02787550000000749
0.028375900000000343
0.03287000000000262
0.0282006999999993
0.026144299999998566
0.034351199999989035
0.023139299999996865
0.025422499999990578
0.03217410000000598
0.043457400000008306
0.03460220000000902
0.026395700000009015
0.026825099999996382
0.023507799999990198
0.022844300000002704
0.022818299999997294
0.02955369999999391
0.02854050000000541
0.02530610000000877
0.026080500000006168
0.02583989999999403
0.02642609999999479
0.029443999999998027
0.02433000000000618
0.02109790000000089
0.023678700000004937
0.02493119999999749
0.026881299999999442
0.02964439999999513
0.021632900000000177
0.022717200000002435
0.025945000000007212
0.024484200000003398
0.024154199999998127
0.028837299999992183
0.025834000000003243
0.02477869999999882
0.028119900000007192
0.021187099999991688
0.024826199999992582
0.024994000000006622
0.02487979999999368
0.022669399999998063
0.023758399999991298
0.028476800000007074
0.024835000000010155
0.02759549999998967
0.024513799999994035
0.028855100000001244
0.02535899999999458
0.025036700000001133
0.026069899999995982
0.027803800000000933
0.028110100000006355
0.025950700000009874
0.026681100000004676
0.020522200000002044
0.026265399999999772
0.024758699999992473
0.02687140000000454
0.026830799999999044
0.027113599999992744
0.024750499999996123
0.027262199999995573
0.027171499999994353
0.03317409999999654
0.0229396999999949
0.023629200000002015
0.023267000000004145
0.022497900000004734
0.025589899999999943
0.02777799999999786
0.02898609999999735
