0.0279630999999938
0.02733950000001073
0.02379769999998871
0.02189260000000104
0.027262600000000248
0.022602200000008565
0.024091200000000867
0.029734900000008224
0.019074199999991492
0.027261400000000435
0.02414019999999084
0.029034800000005134
0.02523469999999861
0.022699400000007586
0.023575800000003255
0.02172849999999471
0.0252301000000017
0.023663900000002513
0.02785289999999918
0.02489959999999769
0.028424299999997515
0.02502950000000226
0.02037350000000515
0.024056599999994432
0.024091600000005542
0.023328900000009867
0.025046000000003232
0.02341069999999945
0.021636799999996015
0.02420709999999815
0.02711429999999382
0.02688209999999458
0.022611599999990517
0.02092639999999335
0.023875899999993067
0.019576299999997104
0.025446700000003375
0.03340379999998788
0.047280800000010004
0.027872000000002117
0.02906179999999381
0.020506600000004482
0.02234020000000214
0.02446340000000191
0.02243989999999485
0.028847299999995357
0.02686170000001198
0.02651229999999316
0.023270899999999983
0.027522399999995173
0.026714200000000687
0.024197099999994975
0.025255799999996498
0.025312700000000632
0.024520000000009645
0.023121800000012627
0.023565399999995407
0.021910600000012437
0.02485950000000514
0.021891899999999964
0.02074500000000512
0.027032599999998297
0.025207499999993388
0.02746270000000095
0.02480100000001073
0.02275659999999391
0.024126499999994167
0.02390139999999974
0.020599399999994716
0.021692200000003936
0.021715000000000373
0.025526400000003946
0.025389300000000503
0.024729999999991037
0.02155190000000573
0.023881299999999328
0.03194550000000618
0.02236050000000489
0.023043000000001257
0.023275499999996896
0.021770900000007032
0.02370679999999936
0.021609200000000328
0.03204810000001146
0.025183699999999476
0.022477399999999648
0.02215710000000115
0.026375999999999067
0.022800000000003706
0.02459159999999372
0.02165019999999629
0.026552199999997583
0.023292099999991933
0.019975000000002296
0.026362900000009404
0.023992200000009234
0.025915200000000027
0.022463200000004235
0.021993899999998234
0.02892539999999144
