0.01967339999998785
0.015340699999995877
0.01739950000001045
0.015877199999991376
0.017193800000001147
0.015606700000006413
0.018687200000002235
0.016158000000004336
0.021626699999998777
0.015022999999999342
0.017112699999998426
0.01477489999999193
0.013884799999999586
0.01777169999999728
0.01741649999999595
0.015401499999995849
0.0183698000000021
0.01746789999999976
0.02071960000000672
0.016862399999993727
0.017068300000005365
0.014210999999988871
0.01802419999999927
0.016072899999997503
0.01687289999999564
0.01621439999999552
0.016946200000006684
0.01650340000000483
0.017183200000005172
0.020579800000007253
0.02009099999999364
0.019472700000008558
0.016542000000001167
0.014150100000009047
0.0171187000000117
0.014601299999995376
0.01990019999999504
0.02009180000000299
0.021215600000004997
0.01866900000000271
0.017753499999997757
0.017099299999998152
0.018275799999997844
0.018588299999990454
0.018985200000003033
0.01740099999999245
0.01642990000000566
0.018709700000002272
0.018332400000005578
0.02818289999999024
0.02956050000000232
0.027028299999997785
0.029498999999987063
0.018768500000007293
0.017275099999991994
0.01444460000000447
0.017601100000007364
0.01580549999999903
0.014998800000000756
0.01435700000000395
0.015984899999992308
0.015580200000002264
0.016635100000002012
0.016578899999998953
0.018477799999999434
0.014827499999995553
0.017259600000002706
0.017901399999999512
0.017048500000001354
0.016493999999994458
0.017955700000001684
0.01722239999999431
0.016791400000002454
0.015264999999999418
0.015466399999993996
0.017317800000000716
0.01927190000000678
0.023758099999994897
0.020558199999996418
0.017052399999997192
0.017881199999990827
0.018231999999997583
0.020050999999995156
0.02095299999999156
0.019201300000005972
0.016104000000012775
0.017352200000004814
0.015391700000009223
0.016417699999990987
0.014028800000005504
0.016136000000003037
0.01652680000000828
0.016796999999996842
0.015832000000003177
0.016990599999999745
0.015404799999998886
0.016272999999998206
0.01672399999999641
0.016093200000000252
0.016883300000003487
