0.017503399999995395
0.01748179999999877
0.01855539999999678
0.017125900000010574
0.01981630000000223
0.01722549999999501
0.01912670000000105
0.020191100000005235
0.02088990000000024
0.018639499999991926
0.018191000000001623
0.01879950000000008
0.018466599999996447
0.019985700000006545
0.021628100000000927
0.017310100000003104
0.02215989999999124
0.02011409999998648
0.019177700000000186
0.020296199999989994
0.021261800000004882
0.023596200000000067
0.02079779999999687
0.01758290000000784
0.020765999999994733
0.020824000000004617
0.02353499999999542
0.02132020000000523
0.022579800000002592
0.016891400000005774
0.02158779999999183
0.017313199999989592
0.01924839999999506
0.016718299999993746
0.019692100000000323
0.02038559999999734
0.019920700000000124
0.01769480000000101
0.0204003000000057
0.019132700000000114
0.018599300000005314
0.019266199999989908
0.022288099999997257
0.016026899999999955
0.01979569999998887
0.03027219999999886
0.040585499999991725
0.02246139999999741
0.025463400000006686
0.01976770000000272
0.020559199999993893
0.020896000000007575
0.018435699999997723
0.017463899999995647
0.01919359999999415
0.018632099999990714
0.020752000000001658
0.016464599999991947
0.01807850000000144
0.0166150000000016
0.024341500000005567
0.019711999999998397
0.01935749999999814
0.017913300000003574
0.01778579999999863
0.015237400000003731
0.019720899999995822
0.017392299999997363
0.02203590000000588
0.020548100000013392
0.021372600000006514
0.01723259999999982
0.01836129999999514
0.021729199999995785
0.020352700000003665
0.019411000000005174
0.01897350000000131
0.017440600000000472
0.019153000000002862
0.017597299999991378
0.019245999999995433
0.020402500000002988
0.01826300000000458
0.02009119999999598
0.022323900000003505
0.01682430000001034
0.01673139999999762
0.01923119999999301
0.021626399999988166
0.017011999999994032
0.018127500000005625
0.021398699999991777
0.017879199999995876
0.018449899999993136
0.020979699999998047
0.014701599999995096
0.022588299999995343
0.016751899999988495
0.020233799999999746
0.01632200000000239
