0.014723100000011868
0.014645500000000311
0.016094700000010675
0.015251100000000406
0.01310399999999845
0.01426659999999913
0.018947900000000573
0.012768100000002391
0.015108200000000238
0.015815500000002203
0.01777419999999097
0.013757699999999318
0.016119200000005662
0.01831130000000769
0.015012800000008042
0.016172600000004422
0.017510799999996607
0.017070200000006253
0.01574479999999312
0.017090400000000727
0.014949899999990635
0.014045600000002878
0.01449149999999122
0.017759600000005094
0.014092399999995564
0.01663279999999645
0.01616599999999835
0.012582699999995839
0.016943099999991773
0.012048100000001227
0.014083200000001739
0.01879300000000228
0.013966400000001045
0.016530699999989906
0.01470590000000982
0.016876800000005687
0.013085599999996589
0.01641300000000001
0.01617370000001017
0.015433100000009858
0.013647799999986887
0.014259299999991981
0.016168399999997973
0.012637900000001423
0.015489599999995107
0.014112299999993638
0.012909999999990873
0.013740499999997269
0.013558799999998428
0.015179399999993848
0.015345899999999801
0.014245199999990632
0.013591899999994439
0.016184299999991936
0.016796799999994505
0.025537099999993984
0.02263739999999359
0.028631300000000692
0.018356000000011363
0.01887969999999939
0.013758500000008667
0.015143600000001811
0.01898570000000177
0.01447709999999347
0.015073600000008014
0.01163909999999646
0.012418499999995447
0.0138603000000046
0.011405799999991473
0.017762500000003456
0.01317630000001202
0.014599199999992152
0.01402360000000158
0.019196600000000785
0.016569900000007465
0.014717599999997333
0.016220200000006457
0.018798599999996668
0.016076100000006477
0.015015699999992194
0.015981600000003482
0.015268799999986982
0.017891099999999938
0.012664499999999634
0.016180299999987824
0.01708739999999409
0.015572000000005914
0.015467799999996146
0.012433700000002545
0.01594989999999541
0.014670500000008246
0.015136999999995737
0.014643399999997087
0.014622699999989663
0.015050800000011577
0.016647899999995275
0.01908770000000004
0.013429200000004471
0.01762899999999945
0.0153419000000099
