0.027461900000005812
0.030207000000004314
0.02634640000000843
0.027425899999997227
0.024038799999999583
0.026896399999998266
0.022664300000002413
0.02334539999999663
0.02801080000000411
0.029632999999989806
0.03095139999999219
0.03353769999999656
0.02626530000000571
0.028348200000010593
0.027882700000006366
0.024196500000002175
0.02259159999999838
0.03650869999999884
0.02264639999999929
0.025937200000001326
0.024549699999994345
0.03260350000000756
0.029862999999991757
0.02359319999999343
0.02636619999999823
0.024292099999996708
0.023622700000004215
0.026901699999996254
0.023300599999998894
0.02683410000000208
0.027184300000001826
0.03891330000000437
0.030449699999991253
0.03560889999999972
0.0451362999999958
0.0465958999999998
0.037747499999994716
0.03903760000000034
0.03854950000000201
0.025745299999996973
0.03888729999999896
0.022285699999997632
0.02929830000000777
0.023394499999994878
0.026624499999996942
0.025280599999987885
0.03299010000000635
0.02401270000000011
0.027138499999992405
0.024618600000010815
0.027500899999992612
0.051228899999998134
0.02712310000001139
0.039016900000007126
0.025987100000008923
0.03305340000000001
0.026955400000005625
0.03542950000000644
0.026442900000006375
0.02795430000000465
0.025456300000001875
0.03969789999999307
0.025732000000004973
0.026296899999991297
0.04286790000000451
0.026299099999988584
0.03032810000000552
0.026788699999997334
0.022166599999991377
0.02244520000000705
0.03708930000000521
0.043055899999998815
0.026797400000006633
0.03169530000000975
0.030997299999995676
0.01992400000000316
0.019712299999994798
0.024834800000007817
0.03317739999999958
0.026291799999995646
0.023664299999992977
0.025763499999996498
0.028344399999994607
0.025784900000004995
0.0211428000000069
0.02176919999999427
0.024909999999991328
0.02432320000001198
0.023887799999997128
0.02240739999999164
0.025455699999994863
0.02282359999999528
0.03331369999999367
0.02729659999999967
0.029774799999998436
0.026557400000001508
0.02401729999999702
0.0389863000000048
0.03441100000000574
0.03163770000000454
