0.03290870000000723
0.02709029999999757
0.03226719999999261
0.03851910000000203
0.03178650000000971
0.03155629999999121
0.02721459999999354
0.02731040000000462
0.02836030000000278
0.036769599999999514
0.02844079999999849
0.027255199999999036
0.03396109999999908
0.03322579999999675
0.02846170000000825
0.030150800000001254
0.03015460000000303
0.025460499999994113
0.03025720000000831
0.029676399999999603
0.027011999999999148
0.029489499999996838
0.032766199999997525
0.02669849999999485
0.03463969999999961
0.030047899999999572
0.03571970000000135
0.03500419999998883
0.028369400000002543
0.04384240000000261
0.05810759999999959
0.050413500000004774
0.037301099999993426
0.028089399999998932
0.04707619999999224
0.03369169999999144
0.026360999999994306
0.031215700000004176
0.028878100000000018
0.029080600000000345
0.029912600000002953
0.026510200000004147
0.030859199999994757
0.026865000000000805
0.030893800000001193
0.026393999999996254
0.02956439999999816
0.028728099999995038
0.026722900000009986
0.027317699999997558
0.025178100000005088
0.02835070000000428
0.0321988000000033
0.033193699999998216
0.03708090000000652
0.030240400000010936
0.028790700000001834
0.030865399999996157
0.04767910000001052
0.02861459999999738
0.035417999999992844
0.046579899999997565
0.028416100000001165
0.030652099999997517
0.03114970000000028
0.0377330000000029
0.03127479999999139
0.029161400000006665
0.03131460000000175
0.030604499999995483
0.03235730000000103
0.0305170999999973
0.032264100000006124
0.029380900000006704
0.03335859999999968
0.028415199999997753
0.027214200000003075
0.026323599999997782
0.026625199999998017
0.02599949999999751
0.025454800000005662
0.021880300000006514
0.03839380000000858
0.0284922000000023
0.03325990000000445
0.031554700000000935
0.022099900000000616
0.028067399999997633
0.024314399999994407
0.03303820000000712
0.03148190000000284
0.030590699999990534
0.030542699999998035
0.02916350000000989
0.028714800000003038
0.026584099999993782
0.03067020000000298
0.030340199999997708
0.028901700000005803
0.03467840000000422
