0.020990900000001034
0.019940200000007735
0.01855450000000758
0.02067100000000721
0.020432100000007836
0.016836399999988316
0.01788179999999784
0.02342059999999435
0.01804769999999678
0.025079700000006255
0.01812449999999899
0.020932799999997087
0.021521199999995133
0.018676200000001586
0.020596499999996354
0.020517400000002795
0.01836860000000229
0.020412800000002562
0.01975249999999562
0.02052350000001013
0.018391000000008262
0.02214720000000625
0.02611020000000508
0.018272699999997144
0.02665660000000969
0.01687660000000335
0.023093500000001654
0.0191219000000018
0.019070600000006266
0.019198299999999335
0.017488399999990634
0.020486099999999396
0.017220600000001696
0.01855600000000379
0.01988129999999444
0.018183999999990874
0.025946700000005762
0.021447999999992362
0.018220499999998196
0.02125699999999142
0.018005200000004606
0.016589899999999602
0.023574300000007042
0.023677999999989652
0.033063400000003185
0.041495199999999954
0.027764200000007122
0.034174600000000055
0.0201437999999996
0.01775750000000187
0.02093430000000751
0.019075099999994904
0.026905999999996766
0.0209184999999934
0.04024230000000273
0.028336799999991058
0.03996490000000108
0.0385824000000099
0.020504400000007195
0.026746399999993287
0.018582399999999666
0.02048340000000337
0.024037700000008044
0.020143099999998526
0.02144119999999816
0.018761499999996545
0.025744500000001835
0.01723799999999187
0.020059099999997443
0.02464729999999804
0.01760610000000895
0.019777799999999957
0.03755739999999719
0.025139899999999216
0.022609200000005103
0.02358099999999297
0.02952770000000271
0.02446199999999976
0.03361989999999082
0.023670100000003913
0.02353920000000187
0.018659599999992338
0.021121399999998403
0.016447499999998172
0.017999500000001944
0.018190799999999285
0.02002620000000377
0.02438139999999578
0.02458200000000943
0.024972000000005323
0.026304700000011394
0.023053099999998494
0.020244800000000396
0.01904359999998917
0.02513549999999043
0.020703299999993874
0.019920200000001387
0.02817209999999193
0.02285750000000064
0.029803799999996272
