0.015457400000002508
0.02008189999999388
0.016740599999991446
0.01564340000000186
0.015685599999997635
0.01698259999999152
0.016964000000001533
0.02002369999999587
0.016767199999989657
0.016304599999998004
0.01566139999999905
0.015568400000006477
0.015379800000005162
0.015537800000004154
0.016618700000009312
0.025650099999992904
0.020095900000001166
0.016585499999990816
0.017853999999999814
0.014576300000001652
0.014351599999997688
0.0176493000000022
0.01615759999999966
0.021298599999994394
0.015182699999996885
0.017131599999999025
0.01804260000000113
0.023749000000009346
0.014683199999993235
0.016783799999998905
0.018836100000001466
0.018516800000000444
0.01876020000000267
0.018021000000004506
0.016721300000000383
0.02012940000000185
0.01994379999999296
0.018170100000006073
0.01418239999999571
0.018373299999993264
0.017250000000004206
0.017415799999994874
0.01692409999999711
0.020000199999998358
0.020742799999993622
0.017435800000001223
0.017200799999997685
0.017826400000004128
0.019745299999996746
0.024796100000003207
0.033860399999994684
0.022789599999995858
0.022057500000002506
0.01955750000000478
0.021341500000005453
0.017907200000010448
0.01640000000000441
0.015892100000002074
0.01805500000000393
0.021629200000006676
0.014943000000002371
0.018875899999997614
0.015155899999996336
0.018453500000006784
0.015035800000006816
0.014641199999999799
0.017387600000006387
0.016641399999997475
0.01769110000000751
0.017138000000002762
0.01782079999999553
0.01489439999998865
0.016455800000002796
0.01774909999998897
0.016526200000001268
0.01944029999999941
0.017150799999996025
0.02262350000000879
0.017303699999999367
0.01836159999999154
0.016958400000007146
0.01642009999999061
0.014170700000008196
0.018618299999999977
0.02640600000000859
0.0171263999999951
0.01785109999998724
0.015380499999992026
0.020729599999995685
0.018936400000001186
0.018586100000007377
0.015301300000004403
0.01825820000000533
0.015279300000003104
0.015333600000005276
0.017632599999998888
0.017542900000009354
0.01725380000000598
0.015442800000002421
0.01693339999999921
