0.04933029999997984
0.06027459999998541
0.049596199999996315
0.04526760000001673
0.04065539999999146
0.04387529999999629
0.03766770000001429
0.05241179999998735
0.05024480000000153
0.04568029999998657
0.05034309999999209
0.053983599999980925
0.05186700000001565
0.04353230000000963
0.03935149999998089
0.05002410000000168
0.03873160000000553
0.04196550000000343
0.04203479999998194
0.04500939999999787
0.113880800000004
0.11468059999998559
0.060663400000009915
0.11184579999999755
0.04108229999999935
0.04201230000001033
0.04144629999998983
0.043618699999996124
0.046448200000014594
0.03964369999999917
0.04926349999999502
0.11924119999997629
0.11694800000000782
0.052113800000000765
0.11542869999999539
0.11247119999998745
0.11451529999999366
0.11638980000000743
0.03675849999999059
0.11546700000002375
0.049878699999993614
0.05445899999998005
0.11448809999998844
0.052792699999997694
0.11420699999999329
0.11489650000001461
0.06053010000002246
0.058822999999989634
0.051034500000014305
0.059357599999998456
0.05180010000000834
0.045570400000002564
0.04843700000000695
0.03853409999999258
0.04971249999999827
0.06292750000000069
0.04077599999999393
0.05999479999999835
0.05190070000000446
0.06081079999998451
0.03919840000000363
0.03723659999999995
0.04782889999998474
0.04721040000001153
0.059226200000011886
0.11310339999999997
0.11234360000000265
0.044030399999996916
0.044509500000003754
0.05393509999998969
0.04845579999999927
0.032695300000000316
0.05491870000000176
0.053748899999988
0.036031999999977415
0.04756979999999089
0.05546949999998674
0.050924600000001874
0.047889400000002524
0.044633899999979576
0.04228240000000483
0.045951599999995096
0.05160820000000399
0.053797400000007656
0.03880739999999605
0.053790899999995645
0.04267030000002592
0.03995919999999842
0.04554140000001894
0.04512619999999856
0.05071960000000786
0.048054100000001654
0.03764619999998331
0.042841199999998025
0.042488599999984444
0.05179689999999937
0.04693549999998936
0.039659900000003745
0.05212629999999763
0.038561499999985926
