0.02612580000000264
0.024294499999996333
0.03367049999999949
0.030775200000007885
0.027686799999997902
0.02428249999999821
0.027600699999993594
0.025227399999991462
0.025187700000003588
0.028918400000009115
0.02507839999999817
0.02592039999998974
0.02933389999999747
0.035658199999986095
0.02706400000000997
0.029793400000002634
0.03107430000000022
0.027004300000001535
0.04018999999999551
0.04678180000000509
0.02250180000000057
0.03562810000001093
0.029205799999999726
0.02273510000000556
0.0242053999999996
0.028977699999998663
0.022719399999999723
0.026974600000002624
0.03134710000000496
0.026377400000001217
0.028147900000007553
0.030612200000007306
0.04273980000000677
0.04294709999999213
0.03070219999999324
0.03186330000001192
0.026856300000005717
0.02556410000001108
0.020590800000007903
0.028402800000009165
0.02403819999999257
0.040754700000007915
0.030242900000004624
0.024403100000000677
0.024953199999998787
0.024544500000004632
0.03070189999999684
0.026031299999999646
0.033141100000008805
0.029658299999994142
0.029174600000004602
0.030272799999991662
0.023186799999990626
0.027390800000006266
0.029500999999996225
0.026700000000005275
0.026016900000001897
0.026514399999996385
0.027352100000001656
0.03205090000000155
0.022149900000002276
0.027431399999997552
0.024387300000000778
0.023623200000002953
0.028508999999999673
0.032223999999999364
0.025009599999989973
0.027381700000006504
0.03139380000000358
0.02627719999999556
0.02515560000000505
0.030338799999995558
0.023394100000004414
0.02376099999999326
0.030560000000008358
0.03625309999999615
0.02999469999998894
0.02638059999999598
0.02860719999999617
0.03047109999999975
0.027980499999998187
0.03139919999999563
0.024743000000000848
0.031093800000007832
0.029036300000001347
0.026731599999990863
0.02495919999999785
0.024527100000000246
0.028110600000005093
0.027792599999997947
0.019623299999992128
0.029101199999999494
0.03036849999999447
0.02522619999999165
0.027727499999997463
0.033107799999996246
0.026753700000000435
0.022504499999996597
0.04264080000000092
0.019039300000002868
