0.030187599999990766
0.031412599999995905
0.039378499999997985
0.029261399999995774
0.031424199999989355
0.03287419999999486
0.03853670000000875
0.044794600000003015
0.031315100000000484
0.03289920000000279
0.027611800000002518
0.03652449999999874
0.03679839999999501
0.04381429999999398
0.03478859999999884
0.03474459999999624
0.03094179999999369
0.036374100000003295
0.031814300000007734
0.042766599999993105
0.05074760000000822
0.03588410000000408
0.035853700000004096
0.03662200000000837
0.03496950000000254
0.03960320000000195
0.1149444999999929
0.055695700000001125
0.04425789999999097
0.03003739999999766
0.034139800000005494
0.05959500000000162
0.03862200000000371
0.05399560000000747
0.11142829999998582
0.032177100000012615
0.03892140000002087
0.05006389999999783
0.03012589999997317
0.03699009999999703
0.04150640000000294
0.03695739999997727
0.03357470000000262
0.03100279999998179
0.041415800000009995
0.043188399999991134
0.03205260000001431
0.03875250000001529
0.11666329999999903
0.06687519999999836
0.03099090000000615
0.03774130000002174
0.0352608000000032
0.03181509999998866
0.030877400000008492
0.03571909999999434
0.034554899999989175
0.03253920000000221
0.03557660000001306
0.03291500000000269
0.03706420000000321
0.02933139999998957
0.04246180000001232
0.03813640000001328
0.03068350000000919
0.03637729999999806
0.04902950000001738
0.042758400000025176
0.04278220000000488
0.03441750000001775
0.028313200000013694
0.04408169999999245
0.03750919999998814
0.03686770000001616
0.1123450000000048
0.03877489999999284
0.1126015000000109
0.03600810000000365
0.05957589999999868
0.05186530000000289
0.05005149999999503
0.033683800000005704
0.04511999999999716
0.03980609999999274
0.03681620000000407
0.04577519999998003
0.04497409999999036
0.03467800000001375
0.04463139999998589
0.038449299999996356
0.02857410000001437
0.03692910000000893
0.038514500000019325
0.03024560000000065
0.03873049999998557
0.04853259999998727
0.04969980000001328
0.031909299999995255
0.04774009999999862
0.03651800000000094
