0.019146000000006325
0.019535900000008155
0.017042099999997617
0.017993200000006482
0.019826100000003066
0.0161070000000052
0.018474699999998734
0.020810499999996068
0.017574400000000878
0.014331100000006813
0.019724700000011808
0.029803099999995197
0.02661650000000293
0.01970780000000616
0.019539100000002918
0.020588000000003603
0.027061700000004407
0.021838000000002467
0.02001040000000387
0.01795359999999846
0.017598800000001802
0.025092200000003118
0.02592090000000269
0.02260660000000314
0.017964800000001446
0.022144299999993677
0.01937189999999589
0.01849269999999592
0.01817400000000191
0.01880370000000653
0.017351400000009676
0.022357300000010127
0.01745440000000542
0.024236399999992386
0.017898599999995213
0.017930100000000948
0.022858400000004053
0.022004600000002483
0.019262999999995145
0.033448199999995154
0.022010500000007482
0.020009399999992183
0.021912599999993176
0.03164619999999729
0.026467400000001362
0.03638580000000502
0.035631899999998495
0.017672399999995037
0.017799999999994043
0.022246999999993022
0.018011699999988195
0.018838800000011702
0.020945500000010497
0.0188713000000007
0.0163581999999991
0.017250000000004206
0.022139199999998027
0.02088790000000529
0.018729500000006283
0.020622899999992228
0.02706710000001067
0.024422299999997676
0.020685600000007298
0.021698700000001736
0.02685189999999693
0.020602999999994154
0.01877600000000257
0.02020390000001271
0.02275629999999751
0.017491899999996008
0.02168020000000581
0.018697899999992273
0.02684029999998927
0.020599699999991117
0.02584860000000333
0.02029040000000748
0.01861219999999264
0.019105300000006764
0.019866700000008564
0.020005799999992746
0.019712799999993535
0.017554799999999204
0.018271799999993732
0.020062899999999217
0.024308099999998944
0.01747050000000172
0.022678700000000163
0.016949699999997847
0.018700100000003772
0.01901680000000283
0.019420999999994137
0.019013000000001057
0.02185339999999769
0.016815800000003378
0.02433139999999412
0.02285600000000443
0.022462300000000823
0.018715499999998997
0.018039099999995756
0.020549000000002593
