0.01228580000000079
0.01129889999999989
0.015173699999991186
0.012693699999999808
0.011193699999992646
0.013230800000002318
0.013491099999995981
0.01254400000000544
0.013439599999998109
0.015514600000003043
0.01816150000000505
0.01491670000000056
0.01406230000000619
0.013153100000010909
0.014245299999998906
0.01078669999999704
0.010429199999990146
0.012892199999996024
0.013259899999994218
0.012093600000000038
0.015582500000007826
0.014271300000004317
0.013416899999995735
0.011299800000003302
0.013045099999999366
0.015619999999998413
0.011670199999997521
0.012383999999997286
0.012944799999999645
0.01152520000000834
0.013930900000005408
0.013705400000006307
0.014068899999998052
0.013241500000006567
0.015625499999998738
0.012454399999995758
0.017879700000008825
0.01092090000000212
0.012180499999999483
0.011734899999993331
0.012384299999993686
0.015841799999989803
0.014310600000001727
0.012035299999993754
0.012230900000005818
0.012946299999995858
0.01924679999999057
0.013659899999993286
0.01250279999999293
0.01371029999999962
0.014681400000000622
0.011148100000013983
0.01213719999999796
0.015110000000007062
0.013504800000006867
0.013976200000001882
0.012078200000004813
0.01306189999999674
0.014639999999999986
0.012555699999992953
0.013170899999991548
0.027609699999999293
0.03176410000000374
0.021876199999994128
0.01903829999999118
0.017129900000000475
0.013631500000002461
0.013652499999992074
0.015151899999992224
0.014422999999993635
0.012482300000002056
0.012380399999997849
0.015764399999994794
0.01115229999999201
0.012461200000004169
0.011334599999997863
0.011411600000002409
0.013723200000001157
0.014580700000010438
0.014309600000004252
0.016414800000006835
0.015024599999989618
0.01149440000000368
0.01494069999999681
0.013822700000005739
0.012826099999998064
0.014195499999999583
0.01197669999999107
0.014166700000004084
0.013293599999997241
0.015068600000006427
0.01274940000000413
0.012700300000005882
0.012660800000006134
0.016357499999998026
0.012123399999993012
0.013792300000005753
0.013645199999999136
0.011911200000000122
0.01176340000000664
