0.039357600000016646
0.03187049999999658
0.031070700000014995
0.03383230000000026
0.04732450000000199
0.03462059999998246
0.04395240000002332
0.04481060000000525
0.0405384999999967
0.03483650000001148
0.031656199999986256
0.036713199999979906
0.04333720000002472
0.03151450000001432
0.04409349999997403
0.029705500000005713
0.03981320000002597
0.04576779999999303
0.0299995000000024
0.029485800000003337
0.04197310000000698
0.026877700000000004
0.03882189999998786
0.03147400000000289
0.042046699999986004
0.058297199999998384
0.0634482000000105
0.05750429999997664
0.030340799999976298
0.0345657000000017
0.046747999999979584
0.03912060000001816
0.033606299999974
0.033921200000008866
0.03494370000001368
0.031060600000017757
0.03704899999999611
0.035311199999995324
0.030082499999991796
0.04207759999999894
0.031798299999991286
0.03310549999997647
0.033167399999996405
0.03191499999999792
0.03138979999999947
0.04774719999997501
0.03859919999999306
0.04936810000000946
0.03497009999998113
0.03399199999998359
0.05003279999999677
0.02953189999999495
0.027674799999999777
0.027391100000016877
0.03413059999999746
0.031018200000005436
0.029224199999987377
0.03128929999999741
0.026297400000004245
0.028997000000003936
0.03815159999999196
0.033046499999983325
0.031301299999995535
0.04145750000000703
0.03857670000002145
0.03328489999998396
0.030351100000018505
0.03146339999997849
0.031680199999982506
0.031463999999999714
0.032434500000022126
0.03988019999999892
0.041535600000003114
0.04400289999998108
0.029836600000010094
0.03531759999998485
0.04521510000000717
0.032195999999999
0.037182099999995444
0.031925699999987955
0.02835970000000998
0.04272639999999228
0.03819740000000138
0.050667800000013585
0.03418429999999262
0.031091000000003532
0.031708399999985204
0.032298600000018496
0.03646770000000288
0.03709810000000857
0.05535510000001409
0.04377329999999802
0.03400080000000116
0.0458911999999998
0.02394719999998074
0.04247369999998796
0.03815819999999803
0.03589319999997542
0.03431040000000962
0.03462619999999106
