0.0259209000000169
0.031531000000001086
0.027906099999995604
0.025741000000010672
0.024520800000004783
0.026061400000003232
0.020749399999999696
0.0211925999999778
0.022608200000007628
0.026338100000003806
0.022756799999996247
0.017833599999988792
0.023206299999998237
0.02255909999999517
0.024744900000001735
0.029082200000004832
0.027810599999980923
0.025637100000011515
0.02787290000000553
0.02577229999999986
0.02884259999999017
0.023627400000009402
0.02121450000001346
0.027777099999980237
0.022862799999984418
0.02806199999997716
0.029312599999997246
0.024688099999991664
0.020323900000022377
0.0284704999999974
0.02085289999999418
0.018678099999988262
0.018704799999994748
0.02363559999997733
0.02431590000000483
0.028156799999976556
0.03292369999999778
0.059029899999984536
0.03391139999999382
0.033575100000007296
0.02743639999999914
0.03612900000001673
0.023532000000017206
0.03189700000001494
0.036853000000007796
0.034353799999991
0.03318469999999252
0.03475700000001325
0.024808500000006006
0.03400099999998929
0.03690140000000497
0.03042589999998313
0.025214500000004136
0.023117000000013377
0.020956399999988662
0.025626999999985856
0.030914100000018152
0.02972769999999514
0.03955080000000066
0.028012600000010934
0.031176100000010365
0.03731380000002105
0.04981349999999907
0.03226060000000075
0.022194200000001274
0.017770400000017617
0.024442300000004025
0.022914200000002438
0.03148089999999115
0.03695419999999672
0.024157500000001164
0.03505000000001246
0.03323759999997833
0.024109800000019277
0.03106830000001537
0.028529199999979937
0.0383013999999946
0.029411699999997154
0.042889799999983325
0.024803099999985534
0.02048480000001973
0.04375749999999812
0.02360279999999193
0.019394599999998263
0.03132590000001301
0.0252473999999836
0.0400135000000148
0.022616599999992104
0.027739499999995587
0.026370000000014215
0.025635800000003428
0.034914599999979146
0.0279726999999923
0.021657099999998763
0.029956699999985403
0.023825799999997344
0.0241574000000071
0.022828199999992194
0.031255200000003924
0.02639729999998508
