0.017392999999998437
0.01703059999999823
0.012652400000007447
0.01885659999999234
0.016825500000010152
0.013505800000018553
0.018827699999974357
0.014180100000004359
0.016290200000014465
0.016644500000012385
0.014906400000000986
0.015846299999992652
0.014401599999985137
0.015518999999983407
0.015727099999992333
0.016985000000005357
0.014714300000008507
0.014644299999986288
0.016644899999988638
0.01495119999998451
0.012725900000020829
0.016300900000004503
0.016618000000022448
0.016733799999997245
0.018296999999989794
0.014313399999991816
0.011917299999993247
0.018637399999988702
0.014774700000003804
0.01924900000000207
0.02101960000001668
0.02176830000001928
0.02118690000000356
0.01833809999999403
0.015646299999986013
0.015395699999999124
0.020063199999981407
0.016739099999995233
0.01456240000001685
0.021060199999993756
0.013409899999999197
0.02006950000000529
0.016541399999994155
0.017972600000007333
0.026944700000001376
0.015326799999996865
0.01371879999999237
0.012433299999997871
0.02085999999999899
0.018963500000012345
0.02590820000000349
0.026197700000011537
0.023213300000008985
0.028501499999975977
0.025047799999981635
0.020871200000016188
0.02187620000000834
0.021154300000006288
0.021082800000016277
0.020614899999998215
0.017929200000025958
0.0151141999999993
0.020941200000009985
0.01372440000000097
0.013758800000005067
0.016150899999985313
0.01814010000001076
0.016882600000002412
0.01743569999999295
0.014896399999997811
0.013405099999999948
0.012667800000002671
0.014563600000002452
0.012352599999985614
0.01747190000000387
0.01910150000000499
0.015922399999993786
0.026575999999977284
0.014262500000000955
0.015495700000002444
0.022043700000011768
0.014178100000009408
0.017346599999996215
0.014264499999995905
0.019529799999986608
0.01721449999999436
0.015593100000018012
0.023098000000004504
0.014554199999992079
0.017357099999998127
0.01788639999998054
0.014478599999989683
0.016037100000005466
0.014779299999986506
0.013625699999977314
0.016273799999993344
0.018574799999981906
0.016264199999994844
0.018529299999983095
0.01643500000000131
