0.018099899999981517
0.01896030000000337
0.02053200000000288
0.018370500000003176
0.021457999999995536
0.028676200000006702
0.026356800000002067
0.015868199999999888
0.021462100000007922
0.0181733999999949
0.024384300000008352
0.026031200000005583
0.019536799999997356
0.02277749999998946
0.01737750000000915
0.01897350000001552
0.03191499999999792
0.03648919999997702
0.02033869999999638
0.02710609999999747
0.01775580000000332
0.02033780000002139
0.029597300000006044
0.018779899999998406
0.013983300000006693
0.01930809999998928
0.017617800000010675
0.01759819999998058
0.02359319999999343
0.027491999999995187
0.016623299999992014
0.022830200000015566
0.022745500000013408
0.018170499999996537
0.01818610000000831
0.023179400000003625
0.018833300000011377
0.025698900000008962
0.026722599999999375
0.03590749999997911
0.0441079000000002
0.02798369999999295
0.031869999999997844
0.028657699999996566
0.028014000000013084
0.023233099999998785
0.019553400000006604
0.018400399999990213
0.025393800000017563
0.01831210000000283
0.019408100000021022
0.03602809999998158
0.02155380000002083
0.01629030000000853
0.020320800000007466
0.020502499999992096
0.01744479999999271
0.018622299999975667
0.019892200000015237
0.019488999999992984
0.020297599999992144
0.02005049999999642
0.01780249999998773
0.022600499999981594
0.020581499999991593
0.017500600000005306
0.025918200000006664
0.03207919999999831
0.017216900000022406
0.016150699999997187
0.018877300000013975
0.024960199999981114
0.01874559999998837
0.03105619999999476
0.020001500000006445
0.020414500000015323
0.021763999999990347
0.02395429999998555
0.021694600000017772
0.01978300000001809
0.018654700000013236
0.018614600000006476
0.021451100000007273
0.01829689999999573
0.021092299999992292
0.023588300000000118
0.021482499999990523
0.017022800000006555
0.017789099999987457
0.01936989999998673
0.015856200000001763
0.01586090000000695
0.020123600000005126
0.016011000000020204
0.01929930000000013
0.016880600000007462
0.022957100000013497
0.02603990000000067
0.020844600000003766
0.019539600000001656
