0.029631899999998268
0.03364439999998581
0.025624399999998104
0.039765800000026275
0.03288559999998597
0.04323339999999121
0.034898100000020804
0.02252940000002468
0.02287189999998418
0.023715699999996787
0.029629300000010517
0.029009199999990187
0.04305800000000204
0.03518360000001053
0.033072700000019495
0.028492099999994025
0.027612000000004855
0.03631290000001286
0.048909900000012385
0.02228279999999927
0.040861199999994824
0.03328100000001655
0.02816029999999614
0.023566200000004756
0.033380399999998644
0.03393040000000269
0.023738600000001497
0.03397449999999935
0.04177759999998898
0.057018200000015895
0.027457499999997026
0.031204000000002452
0.04385559999997213
0.03767080000000078
0.03096099999999069
0.026494100000007847
0.026654500000006465
0.024901199999987966
0.023690599999980577
0.026276499999994485
0.03624619999999368
0.031448499999982005
0.023092199999979357
0.03927390000001196
0.027681799999982104
0.03294680000001904
0.030999299999990626
0.031311200000004646
0.03356139999999641
0.03360520000001088
0.04047790000001328
0.02580560000001242
0.025874900000019352
0.029619400000001406
0.03151720000002456
0.026574799999991683
0.02870439999998098
0.024962399999992613
0.03418909999999187
0.029192499999993515
0.027303799999998546
0.02251619999998411
0.0348211999999819
0.02706770000000347
0.025538599999975986
0.032719600000007176
0.027740099999988388
0.025125500000001466
0.0319840999999883
0.029529199999984712
0.032007300000003625
0.028231500000003962
0.032934800000020914
0.028800099999983786
0.02607380000000603
0.03182809999998426
0.04095430000000988
0.11310499999999024
0.03686530000001653
0.0395857000000035
0.03171929999999179
0.045135700000003
0.03996430000000828
0.02533919999999057
0.0287377999999876
0.02462919999999258
0.032760599999988926
0.022381800000005114
0.027453299999990577
0.02791560000000004
0.026385900000008178
0.039276499999999714
0.03262119999999413
0.028577499999983047
0.029957300000006626
0.02676710000000071
0.027513700000014296
0.030427199999991217
0.034532599999977265
0.029284899999993286
