0.11362280000000169
0.11336289999999849
0.11365269999998873
0.059060399999992796
0.04590559999999755
0.04393440000001192
0.05365199999999959
0.11512870000001385
0.06184799999999768
0.11346709999997984
0.11500649999999268
0.05419140000000766
0.11723760000000993
0.12227260000000229
0.1151888999999926
0.05908220000000597
0.045827799999983654
0.0372436000000107
0.053210599999999886
0.06039690000000064
0.0541603000000066
0.11336090000000354
0.05517710000000875
0.11433710000000019
0.05240380000000755
0.05006670000000213
0.04666799999998261
0.056385900000009315
0.0481379000000004
0.04837040000001025
0.0536709000000144
0.03997480000001019
0.05701210000000856
0.04690810000002443
0.11302029999998808
0.04896199999998885
0.05462440000002289
0.04732819999998128
0.050509000000005244
0.05423280000002251
0.05130760000000123
0.05303180000001362
0.050783400000000256
0.05379840000000513
0.05905250000000706
0.050923199999999724
0.050065700000004654
0.043402899999989586
0.04309609999998543
0.04856879999999819
0.04279579999999328
0.11059409999998593
0.06000109999999381
0.04822720000001368
0.06273300000000859
0.04907220000001189
0.059188899999981004
0.050130199999983915
0.11196449999999913
0.05702599999997915
0.044655000000005884
0.04902200000000789
0.0626128000000108
0.05557409999997276
0.046805900000009615
0.046043699999984256
0.05319799999998054
0.0448340000000087
0.04762220000000639
0.052759100000002945
0.042507499999999254
0.04684570000000576
0.048429900000002135
0.04137810000000286
0.04341170000000716
0.060271800000009534
0.0498805999999945
0.047421500000012884
0.05407669999999598
0.03997259999999869
0.05105159999999387
0.05217389999998545
0.04851309999997966
0.058856899999994994
0.0418160000000114
0.05023600000001238
0.05273189999999772
0.11087549999999169
0.042774800000017876
0.04565640000001281
0.11218920000001731
0.05679350000002614
0.06001860000000647
0.051592800000008765
0.05879540000000816
0.11270119999997519
0.11610619999999017
0.06058259999997517
0.06283500000000686
0.13273209999999835
