0.11324360000000411
0.11465129999999135
0.05109590000000708
0.1125761000000125
0.05917559999997479
0.061467799999974204
0.05364249999999515
0.11342049999998949
0.0605301999999881
0.11259950000001595
0.05813799999998537
0.049644799999981615
0.12823549999998818
0.1275974000000133
0.11558320000000322
0.047299500000008265
0.1128180000000043
0.1120619000000147
0.06411690000001613
0.06198840000001837
0.11287570000001779
0.11368269999999825
0.11215529999998353
0.11186140000000933
0.11398280000000227
0.11534109999999487
0.11248800000001324
0.11494680000001267
0.11408790000001545
0.11258550000002288
0.11331839999999715
0.05946540000002187
0.11097809999998276
0.11530239999999026
0.11508600000001934
0.1138080000000059
0.11230739999999173
0.11244380000002252
0.11308450000001358
0.11244259999998008
0.054841900000013766
0.05930999999998221
0.11276130000001672
0.1135605000000055
0.11213939999998956
0.11420870000000605
0.04913220000000251
0.0541699000000051
0.11204140000000962
0.11467559999999821
0.11397149999999101
0.11586740000001328
0.11230610000001207
0.0630339999999876
0.0633672999999817
0.06035729999999262
0.1129887000000167
0.0612534999999923
0.11273640000001706
0.1133102000000008
0.11299999999999955
0.11296689999997511
0.11358990000002223
0.11549340000001962
0.11326890000000844
0.1129794000000004
0.04806560000000104
0.05556960000001254
0.05517179999998234
0.11304849999999078
0.0639116000000115
0.11504379999999514
0.06354899999999475
0.11263449999998443
0.05713839999998527
0.11295149999997989
0.11453780000002212
0.04856950000001348
0.11461389999999483
0.057208099999996875
0.05288189999998849
0.05706129999998666
0.11268140000001381
0.11327950000000442
0.11533620000000155
0.11254840000000854
0.05660750000001258
0.05912969999999973
0.11459200000001601
0.06147949999999014
0.11326769999999442
0.11414109999998345
0.056319299999984196
0.11265040000000681
0.11392269999998916
0.054093800000003966
0.11287179999999353
0.061531099999996286
0.04949770000001763
0.11328470000000834
