0.12575879999999984
0.01810729999999694
0.020861499999995203
0.016985799999986284
0.012509800000003679
0.014036800000013727
0.01857739999999808
0.013841700000000401
0.02527140000000827
0.014499900000004118
0.01744700000000421
0.012418099999990773
0.021594899999996642
0.0206320000000062
0.011777599999987842
0.017471800000009807
0.016370500000022048
0.01625539999997727
0.014617299999997613
0.018641699999989214
0.016171600000006947
0.013687099999998509
0.01591009999998505
0.017910499999999274
0.015560800000002928
0.015526600000015378
0.018328900000000203
0.017181099999987737
0.017743500000023005
0.014427200000000084
0.017427199999985987
0.016603500000002214
0.014880500000003849
0.016573399999998628
0.017968999999993684
0.01702829999999267
0.013834000000002789
0.018439900000004172
0.019650600000005625
0.020247300000022506
0.018563499999999067
0.018047300000006317
0.020971500000001697
0.019033300000018016
0.0367887999999823
0.04461390000000165
0.12411199999999667
0.028081500000013193
0.028528300000004947
0.04830880000000093
0.01906710000000089
0.046904200000000174
0.02292810000000145
0.022364300000020876
0.018899900000008074
0.016941100000025244
0.01022190000000478
0.017525499999976546
0.02015509999998244
0.01678390000000718
0.01743969999998285
0.013936600000022281
0.013070599999991828
0.016663100000016584
0.019560400000017353
0.02106259999999338
0.018249800000006644
0.019654399999978978
0.018867400000004864
0.017407900000023346
0.018581899999986717
0.016689400000018395
0.020381600000007438
0.017083299999995916
0.015746399999983396
0.01622119999998972
0.015005599999994956
0.01689020000000596
0.017398899999989226
0.02028390000000968
0.017108900000010863
0.015629600000011123
0.020167600000007724
0.01807530000002089
0.01693480000000136
0.02500380000000746
0.015416999999985137
0.012836499999991702
0.015764200000006667
0.02160530000000449
0.019337100000001328
0.014811699999995653
0.016107099999999264
0.01772420000000352
0.017450799999977562
0.01829460000001859
0.025557200000008606
0.013632100000023684
0.015801199999998516
0.013144400000015821
