0.112210900000008
0.05562839999998914
0.11314949999999158
0.05132069999999089
0.05044310000002383
0.0547930999999835
0.11263449999998443
0.04652300000000764
0.11424859999999626
0.04451559999998267
0.045874700000013036
0.0428229999999985
0.11317249999999035
0.11498520000000667
0.13924800000000914
0.11723570000000905
0.0628107
0.04687069999999949
0.04338200000000825
0.04554859999998939
0.05079390000000217
0.049848499999995965
0.04362839999998869
0.04984389999998484
0.05127459999999928
0.052373999999986154
0.041720099999992044
0.042498499999993555
0.04027719999999135
0.04393389999998476
0.0586441000000093
0.05834620000001678
0.05935940000000528
0.043487599999991744
0.04092699999998217
0.0373390000000029
0.044431000000002996
0.03974389999999062
0.06509399999998777
0.05464989999998693
0.049824700000016264
0.05010439999998084
0.05679489999999987
0.03665280000001303
0.04374179999999228
0.049775600000003806
0.04992709999999079
0.03501719999999864
0.04594540000002212
0.040139099999976224
0.039083000000005086
0.11429819999997903
0.05310049999999933
0.05753119999999967
0.04800930000001813
0.0599860000000092
0.11229059999999436
0.037696299999993244
0.04650300000000129
0.04250509999999963
0.11597560000001295
0.04135289999999259
0.061852899999990996
0.0453205999999966
0.053191400000002886
0.043043499999981805
0.0489063999999928
0.05182750000000169
0.0589356000000123
0.0333287999999925
0.05015260000001831
0.031323600000007445
0.039968999999985044
0.0441581000000042
0.04215510000000222
0.03972129999999652
0.04035369999999716
0.0428229999999985
0.06302819999999087
0.14339280000001509
0.04743780000001152
0.04174759999997946
0.034676399999995056
0.05690230000001861
0.04377840000000788
0.04184260000002382
0.050271400000013955
0.06176830000001132
0.065266500000007
0.05076940000000718
0.0567115000000058
0.0537386999999967
0.04388700000001222
0.0447962000000075
0.03795290000002183
0.05422100000001251
0.05953479999999445
0.04869540000001393
0.049606600000004164
0.051168999999987363
