0.03997820000000729
0.0358353999999963
0.02737400000000889
0.037036300000011124
0.03169859999999858
0.03399540000000911
0.03586400000000367
0.02947370000001115
0.033027299999986326
0.03186809999999696
0.031169300000016165
0.0390534999999943
0.04482360000000085
0.024824300000005906
0.03945329999999103
0.039116299999989224
0.03216960000000313
0.030150499999990643
0.036896799999993846
0.03739389999998366
0.027265699999986737
0.029809000000000196
0.03005740000000401
0.02754410000000007
0.026033200000000534
0.025663300000019262
0.028223300000007612
0.027700699999996914
0.04216470000000072
0.05532549999998082
0.029974899999984927
0.03359210000002122
0.03326130000002081
0.03869180000000938
0.025912099999999327
0.03233090000000516
0.027702000000005
0.03210640000000353
0.04130430000000729
0.03708939999998506
0.02658689999998387
0.12549760000001697
0.035371999999995296
0.029753200000016022
0.02528320000001827
0.04450570000000198
0.05299250000001621
0.027919699999984005
0.054340999999993755
0.024971200000010185
0.03193110000000843
0.028205000000014024
0.024783399999989797
0.021619499999985692
0.03284379999999487
0.025876199999999017
0.025988500000011072
0.04359139999999684
0.03834739999999215
0.03441349999999943
0.03316379999998276
0.02404329999998822
0.03439740000001734
0.0346052999999813
0.025404000000008864
0.03161439999999516
0.02806839999999511
0.030835400000000845
0.029915100000010852
0.03787669999999821
0.029687999999993053
0.03047019999999634
0.02875270000001251
0.03601199999999949
0.029325900000003458
0.025268500000009908
0.031122199999998656
0.029579200000000583
0.0307233999999994
0.03676580000001195
0.02247550000001297
0.0259695000000022
0.03403610000000867
0.036901300000010906
0.025782399999997097
0.039883399999979474
0.039998099999991155
0.03298620000001051
0.02508489999999597
0.028756500000014285
0.030424899999985655
0.04814549999997553
0.034875300000010157
0.02874509999998054
0.033160299999991594
0.026152700000011464
0.026375199999989718
0.04024989999999207
0.033841800000004696
0.042375899999996136
