HAND-WIN%-TOTALWINS-TOTALLOSS-TOTALDRAWS
['1414', 84.43, 7656, 1412, 0]
['1313', 81.44, 7428, 1693, 0]
['1212', 78.84, 7090, 1903, 0]
['1111', 76.34, 6878, 2132, 0]
['1010', 74.09, 6711, 2347, 0]
['0909', 71.37, 6477, 2598, 0]
['0808', 67.92, 6161, 2910, 0]
['1314s', 67.27, 4020, 1956, 0]
['1114s', 66.56, 4107, 2063, 0]
['1314', 65.72, 11943, 6230, 0]
['1214s', 65.68, 3989, 2084, 0]
['0707', 64.71, 5889, 3211, 0]
['1214', 64.66, 11695, 6392, 0]
['1014s', 64.42, 3835, 2118, 0]
['1213s', 63.36, 3830, 2215, 0]
['0814s', 63.17, 3847, 2243, 0]
['1114', 63.12, 11474, 6704, 0]
['0606', 63.1, 5689, 3327, 0]
['1014', 62.94, 11290, 6648, 0]
['1013s', 62.62, 3774, 2253, 0]
['0914s', 62.38, 3779, 2279, 0]
['1213', 61.62, 11189, 6968, 0]
['1113s', 61.49, 3812, 2387, 0]
['0914', 61.08, 11144, 7101, 0]
['1112s', 61.02, 3647, 2330, 0]
['0714s', 60.29, 3616, 2382, 0]
['0913s', 60.28, 3653, 2407, 0]
['1013', 60.21, 10939, 7230, 0]
['1113', 59.98, 10923, 7288, 0]
['0814', 59.92, 10795, 7220, 0]
['0514s', 59.89, 3570, 2391, 0]
['1012s', 59.41, 3647, 2492, 0]
['0614s', 59.28, 3529, 2424, 0]
['0714', 59.13, 10720, 7411, 0]
['0505', 58.95, 5401, 3761, 0]
['0314s', 58.74, 3547, 2491, 0]
['0414s', 58.43, 3556, 2530, 0]
['1011s', 58.32, 3550, 2537, 0]
['0813s', 58.1, 3524, 2541, 0]
['0214s', 58.09, 3447, 2487, 0]
['0713s', 58.06, 3488, 2520, 0]
['0614', 57.92, 10595, 7697, 0]
['0912s', 57.92, 3468, 2520, 0]
['1112', 57.8, 10606, 7743, 0]
['0514', 57.63, 10268, 7549, 0]
['1012', 57.43, 10538, 7811, 0]
['0913', 57.42, 10369, 7690, 0]
['0613s', 56.9, 3478, 2634, 0]
['0414', 56.56, 10193, 7829, 0]
['0314', 56.5, 10207, 7858, 0]
['0513s', 56.48, 3410, 2628, 0]
['0413s', 56.29, 3360, 2609, 0]
['0813', 56.28, 10106, 7851, 0]
['0404', 55.77, 5053, 4008, 0]
['1011', 55.73, 10021, 7961, 0]
['0712s', 55.41, 3325, 2676, 0]
['0214', 55.29, 9974, 8064, 0]
['0912', 55.28, 9897, 8007, 0]
['0713', 55.24, 10081, 8170, 0]
['0812s', 55.12, 3360, 2736, 0]
['0911s', 54.51, 3176, 2650, 0]
['0811s', 54.17, 3291, 2784, 0]
['0812', 54.03, 9772, 8315, 0]
['0613', 53.7, 9665, 8332, 0]
['0612s', 53.57, 3205, 2778, 0]
['0513', 53.39, 9617, 8395, 0]
['0313s', 53.13, 3191, 2815, 0]
['0911', 52.89, 9665, 8610, 0]
['0413', 52.79, 9514, 8508, 0]
['0213s', 52.77, 3116, 2789, 0]
['0910s', 52.74, 3179, 2849, 0]
['0711s', 52.58, 3168, 2857, 0]
['0512s', 52.32, 3095, 2820, 0]
['0712', 51.88, 9374, 8695, 0]
['0811', 51.8, 9374, 8722, 0]
['0303', 51.68, 4661, 4358, 0]
['0313', 51.68, 9446, 8833, 0]
['0612', 51.59, 9249, 8680, 0]
['0910', 51.51, 9352, 8804, 0]
['0412s', 51.47, 3177, 2996, 0]
['0810s', 51.41, 3122, 2951, 0]
['0809s', 50.86, 3067, 2963, 0]
['0213', 50.82, 9122, 8828, 0]
['0611s', 50.58, 3041, 2971, 0]
['0312s', 50.19, 2975, 2952, 0]
['0202', 49.99, 4544, 4545, 0]
['0710s', 49.93, 2995, 3003, 0]
['0711', 49.87, 9077, 9125, 0]
['0412', 49.68, 8972, 9086, 0]
['0411s', 49.62, 3016, 3062, 0]
['0512', 49.54, 9020, 9189, 0]
['0810', 49.51, 8922, 9098, 0]
['0511s', 48.98, 2966, 3089, 0]
['0212s', 48.75, 2969, 3121, 0]
['0610s', 48.67, 2936, 3096, 0]
['0312', 48.31, 8931, 9555, 0]
['0709s', 48.16, 2949, 3174, 0]
['0212', 48.14, 8758, 9433, 0]
['0311s', 48.11, 2922, 3151, 0]
['0710', 48.04, 8687, 9397, 0]
['0809', 48.01, 8787, 9514, 0]
['0611', 47.93, 8652, 9400, 0]
['0708s', 47.47, 2883, 3190, 0]
['0608s', 47.43, 2860, 3170, 0]
['0511', 47.28, 8616, 9609, 0]
['0609s', 46.96, 2832, 3199, 0]
['0211s', 46.72, 2826, 3223, 0]
['0709', 46.7, 8441, 9634, 0]
['0410s', 46.56, 2789, 3201, 0]
['0510s', 46.4, 2801, 3235, 0]
['0411', 46.09, 8192, 9582, 0]
['0610', 45.96, 8285, 9742, 0]
['0311', 45.33, 8295, 10005, 0]
['0509s', 45.28, 2731, 3301, 0]
['0310s', 45.2, 2713, 3289, 0]
['0508s', 45.13, 2745, 3338, 0]
['0708', 44.91, 8100, 9936, 0]
['0210s', 44.78, 2732, 3369, 0]
['0607s', 44.65, 2747, 3405, 0]
['0609', 44.54, 7973, 9929, 0]
['0309s', 44.18, 2596, 3280, 0]
['0211', 44.16, 7995, 10109, 0]
['0409s', 44.1, 2638, 3344, 0]
['0608', 43.85, 8008, 10253, 0]
['0510', 43.77, 7895, 10141, 0]
['0507s', 43.55, 2625, 3402, 0]
['0410', 43.41, 7757, 10112, 0]
['0408s', 43.38, 2704, 3529, 0]
['0506s', 43.2, 2579, 3391, 0]
['0310', 42.9, 7826, 10416, 0]
['0509', 42.71, 7664, 10280, 0]
['0407s', 42.62, 2556, 3441, 0]
['0607', 42.38, 7640, 10389, 0]
['0405s', 42.15, 2479, 3402, 0]
['0209s', 41.99, 2570, 3551, 0]
['0508', 41.9, 7524, 10431, 0]
['0406s', 41.47, 2521, 3558, 0]
['0210', 41.29, 7575, 10770, 0]
['0208s', 41.15, 2531, 3620, 0]
['0409', 40.95, 7382, 10645, 0]
['0307s', 40.46, 2426, 3570, 0]
['0308s', 40.34, 2429, 3593, 0]
['0507', 40.18, 7248, 10792, 0]
['0506', 39.94, 7148, 10748, 0]
['0209', 39.87, 7274, 10969, 0]
['0309', 39.68, 7224, 10982, 0]
['0305s', 39.34, 2348, 3621, 0]
['0205s', 39.06, 2334, 3641, 0]
['0304s', 38.99, 2315, 3622, 0]
['0207s', 38.89, 2282, 3586, 0]
['0408', 38.86, 7101, 11172, 0]
['0306s', 38.69, 2295, 3637, 0]
['0407', 38.34, 6949, 11174, 0]
['0405', 38.33, 6973, 11217, 0]
['0406', 38.2, 6879, 11127, 0]
['0204s', 37.55, 2206, 3669, 0]
['0208', 37.48, 6792, 11332, 0]
['0308', 37.43, 6812, 11385, 0]
['0306', 36.52, 6680, 11612, 0]
['0307', 36.46, 6645, 11578, 0]
['0206s', 36.34, 2174, 3809, 0]
['0203s', 36.14, 2225, 3932, 0]
['0305', 36.01, 6475, 11505, 0]
['0207', 35.06, 6270, 11615, 0]
['0304', 34.84, 6302, 11786, 0]
['0205', 34.44, 6123, 11657, 0]
['0204', 33.73, 6132, 12045, 0]
['0206', 33.65, 6027, 11885, 0]
['0203', 32.67, 6001, 12368, 0]
