HAND-WIN%-TOTALWINS-TOTALLOSS-TOTALDRAWS
['1414', 84.36, 7622, 1413, 0]
['1313', 81.07, 7244, 1691, 0]
['1212', 79.33, 6981, 1819, 0]
['1111', 77.12, 6945, 2061, 0]
['1010', 74.05, 6707, 2351, 0]
['0909', 70.69, 6454, 2676, 0]
['0808', 67.94, 6240, 2945, 0]
['1314s', 67.66, 4105, 1962, 0]
['1214s', 66.14, 4107, 2103, 0]
['1114s', 65.84, 4023, 2087, 0]
['1314', 65.38, 11807, 6251, 0]
['1214', 65.15, 11694, 6255, 0]
['0707', 64.46, 5830, 3214, 0]
['1014s', 64.35, 3877, 2148, 0]
['1213s', 64.03, 3855, 2166, 0]
['1114', 63.91, 11620, 6561, 0]
['1013s', 63.02, 3770, 2212, 0]
['0914s', 62.81, 3858, 2284, 0]
['1014', 62.75, 11218, 6660, 0]
['0606', 62.71, 5651, 3360, 0]
['1113s', 62.46, 3650, 2194, 0]
['0914', 61.42, 11104, 6975, 0]
['1213', 61.42, 11110, 6978, 0]
['0714s', 60.89, 3654, 2347, 0]
['0814s', 60.86, 3746, 2409, 0]
['1113', 60.78, 10939, 7060, 0]
['0913s', 60.47, 3738, 2444, 0]
['1112s', 60.37, 3689, 2422, 0]
['0814', 59.93, 10895, 7285, 0]
['1013', 59.66, 10797, 7301, 0]
['0414s', 59.49, 3557, 2422, 0]
['0514s', 59.39, 3643, 2491, 0]
['0505', 59.2, 5407, 3727, 0]
['1012s', 59.08, 3557, 2464, 0]
['0314s', 58.93, 3601, 2510, 0]
['1112', 58.75, 10623, 7460, 0]
['1011s', 58.6, 3564, 2518, 0]
['0614s', 58.37, 3453, 2463, 0]
['0514', 58.1, 10530, 7595, 0]
['0214s', 58.01, 3536, 2560, 0]
['0714', 57.93, 10614, 7707, 0]
['0913', 57.9, 10534, 7658, 0]
['0912s', 57.83, 3499, 2552, 0]
['1012', 57.72, 10377, 7601, 0]
['0613s', 57.6, 3430, 2525, 0]
['0713s', 57.37, 3469, 2578, 0]
['0414', 57.34, 10376, 7719, 0]
['0614', 57.16, 10363, 7766, 0]
['0813s', 57.12, 3456, 2594, 0]
['0513s', 56.87, 3457, 2622, 0]
['0812s', 56.57, 3343, 2566, 0]
['0813', 56.13, 10190, 7964, 0]
['0313s', 55.99, 3345, 2629, 0]
['0314', 55.97, 10242, 8058, 0]
['0911s', 55.76, 3345, 2654, 0]
['0404', 55.73, 4993, 3967, 0]
['0713', 55.47, 9928, 7969, 0]
['0912', 55.34, 9920, 8004, 0]
['1011', 55.02, 9888, 8083, 0]
['0811s', 54.77, 3275, 2705, 0]
['0613', 54.59, 9766, 8125, 0]
['0214', 54.51, 9921, 8278, 0]
['0413s', 54.36, 3252, 2730, 0]
['0812', 54.07, 9784, 8310, 0]
['0213s', 54.03, 3213, 2734, 0]
['0712s', 53.93, 3268, 2792, 0]
['0911', 53.73, 9782, 8423, 0]
['0513', 53.71, 9669, 8332, 0]
['0910s', 53.55, 3204, 2779, 0]
['0711s', 53.37, 3178, 2777, 0]
['0612s', 53.08, 3218, 2845, 0]
['0303', 52.54, 4724, 4268, 0]
['0413', 52.53, 9517, 8600, 0]
['0712', 52.13, 9570, 8789, 0]
['0810s', 52.12, 3154, 2897, 0]
['0312s', 52.1, 3199, 2941, 0]
['0811', 51.62, 9363, 8775, 0]
['0910', 51.6, 9282, 8705, 0]
['0512s', 51.53, 3102, 2918, 0]
['0313', 51.17, 9303, 8876, 0]
['0809s', 51.14, 3004, 2870, 0]
['0612', 50.97, 9272, 8918, 0]
['0412s', 50.89, 3074, 2967, 0]
['0213', 50.88, 9151, 8835, 0]
['0709s', 50.4, 2996, 2949, 0]
['0810', 50.09, 9024, 8993, 0]
['0611s', 50.07, 3035, 3027, 0]
['0710s', 50.06, 3100, 3092, 0]
['0512', 50.0, 9143, 9144, 0]
['0412', 49.69, 8865, 8976, 0]
['0711', 49.57, 9022, 9180, 0]
['0212s', 49.53, 3006, 3063, 0]
['0411s', 49.21, 2941, 3036, 0]
['0610s', 48.83, 2939, 3080, 0]
['0202', 48.73, 4412, 4642, 0]
['0511s', 48.47, 2933, 3118, 0]
['0312', 48.46, 8759, 9317, 0]
['0710', 48.26, 8705, 9334, 0]
['0611', 47.67, 8622, 9465, 0]
['0511', 47.42, 8587, 9523, 0]
['0212', 47.41, 8601, 9540, 0]
['0311s', 47.29, 2909, 3243, 0]
['0809', 47.27, 8516, 9501, 0]
['0609s', 47.17, 2838, 3179, 0]
['0211s', 47.02, 2876, 3241, 0]
['0510s', 47.02, 2790, 3144, 0]
['0708s', 46.94, 2866, 3240, 0]
['0410s', 46.77, 2848, 3241, 0]
['0709', 46.45, 8538, 9845, 0]
['0608s', 46.37, 2835, 3279, 0]
['0411', 46.33, 8349, 9673, 0]
['0509s', 45.8, 2816, 3333, 0]
['0610', 45.78, 8368, 9911, 0]
['0607s', 45.75, 2756, 3268, 0]
['0708', 45.44, 8233, 9885, 0]
['0310s', 45.39, 2679, 3223, 0]
['0311', 45.36, 8208, 9887, 0]
['0508s', 44.96, 2756, 3374, 0]
['0409s', 44.86, 2738, 3365, 0]
['0609', 44.76, 8083, 9976, 0]
['0210s', 44.32, 2679, 3366, 0]
['0211', 44.24, 7915, 9975, 0]
['0510', 44.08, 7911, 10036, 0]
['0506s', 43.79, 2678, 3438, 0]
['0507s', 43.64, 2585, 3338, 0]
['0309s', 43.51, 2626, 3409, 0]
['0410', 43.25, 7833, 10278, 0]
['0509', 43.15, 7792, 10268, 0]
['0310', 42.93, 7700, 10236, 0]
['0608', 42.86, 7723, 10295, 0]
['0408s', 42.71, 2599, 3486, 0]
['0607', 42.57, 7738, 10440, 0]
['0210', 42.16, 7701, 10563, 0]
['0405s', 42.05, 2554, 3520, 0]
['0308s', 42.04, 2603, 3589, 0]
['0407s', 41.84, 2553, 3549, 0]
['0209s', 41.77, 2570, 3583, 0]
['0406s', 41.54, 2549, 3587, 0]
['0508', 41.45, 7440, 10511, 0]
['0507', 41.22, 7414, 10573, 0]
['0409', 40.63, 7434, 10864, 0]
['0307s', 40.54, 2429, 3562, 0]
['0305s', 40.24, 2374, 3526, 0]
['0304s', 40.19, 2440, 3631, 0]
['0208s', 40.1, 2377, 3551, 0]
['0309', 39.88, 7224, 10891, 0]
['0506', 39.46, 7168, 10998, 0]
['0209', 39.25, 7079, 10957, 0]
['0306s', 39.19, 2387, 3704, 0]
['0408', 38.94, 7081, 11102, 0]
['0405', 38.35, 6888, 11071, 0]
['0407', 38.33, 6981, 11233, 0]
['0205s', 38.08, 2307, 3751, 0]
['0406', 37.78, 6865, 11306, 0]
['0206s', 37.61, 2294, 3805, 0]
['0204s', 37.06, 2192, 3723, 0]
['0307', 36.9, 6663, 11393, 0]
['0308', 36.7, 6566, 11326, 0]
['0207s', 36.62, 2250, 3895, 0]
['0208', 36.6, 6586, 11410, 0]
['0203s', 36.27, 2168, 3809, 0]
['0305', 36.25, 6532, 11485, 0]
['0306', 35.68, 6433, 11597, 0]
['0304', 35.28, 6437, 11808, 0]
['0207', 34.89, 6326, 11806, 0]
['0206', 34.55, 6298, 11930, 0]
['0205', 34.18, 6241, 12018, 0]
['0204', 33.29, 5985, 11996, 0]
['0203', 31.8, 5725, 12276, 0]
