HAND-WIN%-TOTALWINS-TOTALLOSS-TOTALDRAWS
['1414', 84.9, 7657, 1362, 0]
['1313', 81.88, 7447, 1648, 0]
['1212', 79.71, 7125, 1814, 0]
['1111', 76.58, 6876, 2103, 0]
['1010', 73.81, 6669, 2366, 0]
['0909', 70.64, 6404, 2662, 0]
['0808', 68.2, 6150, 2867, 0]
['1314s', 66.92, 4031, 1993, 0]
['1314', 65.95, 11989, 6191, 0]
['1214s', 65.57, 4010, 2106, 0]
['1114s', 65.12, 3852, 2063, 0]
['0707', 64.72, 5956, 3247, 0]
['1214', 64.59, 11753, 6444, 0]
['1014s', 64.18, 3804, 2123, 0]
['1114', 63.9, 11420, 6453, 0]
['1213s', 63.68, 3869, 2207, 0]
['1014', 62.85, 11219, 6632, 0]
['0914s', 62.35, 3702, 2235, 0]
['1013s', 62.08, 3783, 2311, 0]
['0606', 61.81, 5627, 3477, 0]
['0814s', 61.79, 3764, 2328, 0]
['1113s', 61.62, 3690, 2298, 0]
['1213', 61.42, 11074, 6957, 0]
['1113', 61.11, 11094, 7060, 0]
['0714s', 60.7, 3679, 2382, 0]
['1112s', 60.6, 3591, 2335, 0]
['0914', 60.41, 10891, 7136, 0]
['0514s', 60.33, 3614, 2376, 0]
['1013', 59.97, 10752, 7176, 0]
['0614s', 59.88, 3598, 2411, 0]
['0814', 59.58, 10867, 7371, 0]
['0414s', 59.35, 3606, 2470, 0]
['0913s', 59.27, 3547, 2437, 0]
['0314s', 59.17, 3613, 2493, 0]
['0505', 59.16, 5380, 3714, 0]
['0813s', 59.01, 3566, 2477, 0]
['1012s', 58.81, 3551, 2487, 0]
['1112', 58.46, 10557, 7500, 0]
['0714', 58.45, 10648, 7568, 0]
['0214s', 58.39, 3589, 2558, 0]
['1011s', 58.07, 3571, 2578, 0]
['0913', 58.05, 10561, 7632, 0]
['0514', 57.84, 10299, 7507, 0]
['0713s', 57.75, 3476, 2543, 0]
['0614', 57.58, 10497, 7732, 0]
['1012', 57.52, 10508, 7762, 0]
['0912s', 57.43, 3472, 2574, 0]
['0613s', 57.11, 3389, 2545, 0]
['0414', 56.22, 10305, 8025, 0]
['0314', 55.97, 10120, 7961, 0]
['0911s', 55.94, 3435, 2705, 0]
['0813', 55.91, 10164, 8016, 0]
['1011', 55.58, 10113, 8084, 0]
['0404', 55.49, 4971, 3987, 0]
['0713', 55.49, 10133, 8129, 0]
['0513s', 55.45, 3251, 2612, 0]
['0912', 55.41, 9999, 8046, 0]
['0214', 55.16, 9894, 8044, 0]
['0910s', 55.03, 3280, 2680, 0]
['0612s', 54.82, 3291, 2712, 0]
['0413s', 54.74, 3219, 2661, 0]
['0811s', 54.68, 3316, 2748, 0]
['0812s', 54.39, 3257, 2731, 0]
['0313s', 54.22, 3251, 2745, 0]
['0712s', 53.99, 3272, 2788, 0]
['0810s', 53.82, 3252, 2790, 0]
['0613', 53.79, 9716, 8347, 0]
['0513', 53.63, 9803, 8476, 0]
['0911', 53.6, 9831, 8510, 0]
['0812', 53.43, 9587, 8355, 0]
['0213s', 52.86, 3188, 2843, 0]
['0512s', 52.76, 3226, 2889, 0]
['0303', 52.73, 4773, 4278, 0]
['0711s', 52.71, 3088, 2771, 0]
['0413', 52.51, 9490, 8583, 0]
['0412s', 52.06, 3206, 2952, 0]
['0712', 51.89, 9384, 8701, 0]
['0313', 51.86, 9463, 8783, 0]
['0910', 51.81, 9420, 8763, 0]
['0612', 51.44, 9370, 8845, 0]
['0611s', 51.23, 3117, 2967, 0]
['0811', 51.18, 9272, 8843, 0]
['0312s', 51.13, 3060, 2925, 0]
['0213', 51.12, 9271, 8866, 0]
['0809s', 50.73, 3044, 2956, 0]
['0202', 50.44, 4538, 4459, 0]
['0212s', 50.23, 2995, 2968, 0]
['0710s', 49.9, 3021, 3033, 0]
['0512', 49.8, 9084, 9157, 0]
['0711', 49.65, 8950, 9075, 0]
['0412', 49.33, 9079, 9325, 0]
['0810', 49.3, 8946, 9199, 0]
['0610s', 49.27, 2955, 3042, 0]
['0511s', 49.16, 2985, 3087, 0]
['0411s', 48.74, 2866, 3014, 0]
['0709s', 48.71, 2897, 3051, 0]
['0311s', 48.41, 2884, 3074, 0]
['0809', 48.35, 8849, 9454, 0]
['0312', 47.99, 8664, 9389, 0]
['0708s', 47.89, 2904, 3160, 0]
['0710', 47.83, 8584, 9364, 0]
['0611', 47.51, 8615, 9518, 0]
['0211s', 47.12, 2861, 3211, 0]
['0510s', 47.01, 2787, 3141, 0]
['0212', 46.98, 8559, 9658, 0]
['0709', 46.92, 8484, 9599, 0]
['0511', 46.81, 8561, 9729, 0]
['0609s', 46.58, 2795, 3205, 0]
['0410s', 46.5, 2741, 3153, 0]
['0610', 46.46, 8405, 9684, 0]
['0411', 46.08, 8261, 9667, 0]
['0509s', 45.91, 2808, 3308, 0]
['0608s', 45.58, 2778, 3317, 0]
['0607s', 45.55, 2808, 3357, 0]
['0708', 45.23, 8200, 9931, 0]
['0210s', 45.14, 2761, 3356, 0]
['0508s', 44.95, 2681, 3283, 0]
['0310s', 44.92, 2759, 3383, 0]
['0311', 44.8, 8041, 9906, 0]
['0409s', 44.6, 2696, 3349, 0]
['0510', 44.39, 8050, 10083, 0]
['0211', 44.33, 7921, 9946, 0]
['0609', 44.23, 7890, 9948, 0]
['0507s', 43.87, 2625, 3358, 0]
['0309s', 43.55, 2571, 3332, 0]
['0408s', 43.54, 2624, 3402, 0]
['0506s', 43.3, 2652, 3473, 0]
['0608', 43.1, 7808, 10306, 0]
['0410', 43.02, 7693, 10188, 0]
['0607', 42.84, 7776, 10375, 0]
['0509', 42.79, 7801, 10429, 0]
['0310', 42.38, 7613, 10350, 0]
['0407s', 42.27, 2525, 3449, 0]
['0508', 42.17, 7600, 10422, 0]
['0210', 41.8, 7513, 10460, 0]
['0209s', 41.78, 2572, 3584, 0]
['0406s', 41.61, 2511, 3523, 0]
['0405s', 40.79, 2489, 3613, 0]
['0208s', 40.75, 2480, 3606, 0]
['0308s', 40.74, 2415, 3513, 0]
['0409', 40.53, 7331, 10755, 0]
['0507', 40.35, 7326, 10829, 0]
['0307s', 40.25, 2397, 3559, 0]
['0309', 40.16, 7342, 10940, 0]
['0408', 40.01, 7172, 10753, 0]
['0305s', 39.82, 2424, 3663, 0]
['0304s', 39.62, 2387, 3638, 0]
['0506', 39.36, 7134, 10991, 0]
['0306s', 39.19, 2390, 3709, 0]
['0205s', 39.16, 2372, 3685, 0]
['0209', 39.01, 6992, 10930, 0]
['0206s', 38.98, 2388, 3738, 0]
['0407', 38.72, 6997, 11073, 0]
['0406', 38.71, 7026, 11126, 0]
['0207s', 38.44, 2343, 3753, 0]
['0405', 38.36, 7055, 11335, 0]
['0308', 37.21, 6657, 11232, 0]
['0208', 36.97, 6723, 11463, 0]
['0307', 36.65, 6629, 11460, 0]
['0204s', 36.44, 2232, 3893, 0]
['0305', 36.4, 6562, 11464, 0]
['0306', 35.99, 6497, 11555, 0]
['0304', 35.23, 6401, 11768, 0]
['0203s', 35.08, 2121, 3925, 0]
['0207', 34.56, 6182, 11704, 0]
['0205', 34.45, 6208, 11812, 0]
['0206', 34.43, 6263, 11926, 0]
['0204', 33.57, 6106, 12083, 0]
['0203', 31.77, 5793, 12444, 0]
