0.04382870000000594
0.038395600000001195
0.025126900000003616
0.02869000000001165
0.025994900000000598
0.03271859999998128
0.03129160000000297
0.030835600000017394
0.04862840000001256
0.026552199999997583
0.035549099999997225
0.03874949999999444
0.04783849999998324
0.02665860000001885
0.04565410000000725
0.0373457999999971
0.03262340000000563
0.04827779999999393
0.03588089999999511
0.027696700000007013
0.03809029999999325
0.03168850000000134
0.031228199999986828
0.022222199999987424
0.03376810000000319
0.026787000000012995
0.033432400000009466
0.03870000000000573
0.04277360000000385
0.04197700000000282
0.052398600000003626
0.03879710000001069
0.04294229999999288
0.05018590000000245
0.03570999999999458
0.03464689999998427
0.03913230000000567
0.033705800000007
0.04240999999998962
0.030921599999999216
0.04069160000000238
0.02165390000001821
0.028476600000004737
0.03496269999999413
0.036641600000024255
0.03462430000001859
0.03567010000000437
0.027342699999991282
0.02563390000000254
0.0254367000000002
0.038938900000005106
0.054318399999999656
0.0390495000000044
0.03464429999999652
0.023767300000002933
0.036423799999994344
0.027040499999998246
0.025472900000011123
0.03504149999997708
0.024845199999987244
0.0381114999999852
0.03612309999999752
0.032402000000018916
0.03859950000000367
0.03543479999999022
0.03392039999999952
0.04066960000000108
0.03398429999998598
0.035323699999992186
0.0413018000000136
0.03803389999998785
0.044108099999988326
0.030562199999991435
0.035204100000015615
0.03416479999998501
0.0337949999999978
0.03258980000001088
0.05507180000000744
0.025587199999989707
0.02680269999999041
0.03861309999999207
0.032153399999998555
0.029439400000001115
0.030677400000001853
0.03413310000001957
0.02586109999998598
0.028610700000001543
0.027259499999985337
0.045384800000022096
0.029054099999996197
0.0345273000000077
0.04159989999999425
0.024268299999988585
0.034007099999996626
0.026188999999988027
0.027650399999998854
0.02590429999997923
0.030496300000010024
0.03921819999999343
0.04878379999999538
