0.04711889999998675
0.04423500000001468
0.11262320000000159
0.04587589999999864
0.05106770000000438
0.05700649999999996
0.11460250000001793
0.04905660000000012
0.0470463000000052
0.036666800000006106
0.05085669999999709
0.05736559999999713
0.11282729999999219
0.03747110000000475
0.047275799999994206
0.05855030000000738
0.11980979999998453
0.11579320000001303
0.05854709999999841
0.11581449999999904
0.0383691999999769
0.04418089999998642
0.05301579999999717
0.03281990000002111
0.042210800000020754
0.054036400000001095
0.056745599999999286
0.04848210000000108
0.04788730000001351
0.04129199999999855
0.0522254999999916
0.04679620000001705
0.050499199999990196
0.03847010000001205
0.051300099999991744
0.04744289999999296
0.061592999999987796
0.056115500000004204
0.03745290000000523
0.06078640000001201
0.05550139999999715
0.04416219999998816
0.04595449999999346
0.06081470000000877
0.055730499999981475
0.04475180000000023
0.051657500000004575
0.11309330000000273
0.039889299999998684
0.11175629999999614
0.06227480000001151
0.060974200000003975
0.0528336000000138
0.044381500000014285
0.053375599999981205
0.043474900000006755
0.0511558999999977
0.11391559999998435
0.050467499999996335
0.03346650000000295
0.04806070000000773
0.04778669999998897
0.05595980000001077
0.11283689999999069
0.05315020000000459
0.058002500000014834
0.04890500000001907
0.04586720000000355
0.0571517000000199
0.05188910000001101
0.06131310000000667
0.0360219000000086
0.04355379999998377
0.06095619999999258
0.11365849999998545
0.04416169999998942
0.04633279999998763
0.04565909999999462
0.0419647000000225
0.057531000000011545
0.1127965999999958
0.04843600000000947
0.049936399999978676
0.043815300000005664
0.051233400000000984
0.04901970000000233
0.05098639999999932
0.05350620000001527
0.04285830000000601
0.04818570000000477
0.11227779999998688
0.11264840000001186
0.05422389999998245
0.04440850000000296
0.04624319999999216
0.04264040000001046
0.11300349999999071
0.056166700000005676
0.05196000000000822
0.05968349999997713
