0.014328799999999475
0.014043800000000495
0.014322299999999899
0.014404599999999768
0.014125899999999803
0.013885399999999493
0.013411600000000412
0.013785699999999679
0.01350390000000079
0.01272180000000045
0.014349299999999232
0.01444470000000031
0.015468600000000166
0.013628100000000032
0.013442299999999463
0.014347399999998345
0.014955399999999841
0.014679600000000903
0.014295799999999304
0.012874200000000613
0.014067600000000624
0.013804899999998455
0.01345799999999997
0.01480999999999888
0.014902899999999164
0.014543199999998535
0.012973500000001081
0.014850400000000263
0.012755499999999032
0.01479950000000052
0.01718510000000073
0.013544599999999463
0.013832400000000078
0.014274399999999687
0.014373700000000156
0.014477700000000482
0.014280799999999871
0.013575299999999402
0.014366000000000767
0.01586719999999886
0.01613100000000145
0.01496509999999951
0.014766800000000302
0.014174900000000434
0.013285199999998554
0.014204399999998785
0.01285420000000137
0.013951300000000444
0.012585299999999577
0.018089299999999753
0.01431829999999934
0.013085300000000188
0.014110099999999903
0.014460899999999555
0.02244400000000013
0.021235500000001295
0.021357099999999463
0.016251800000000927
0.01644369999999995
0.013736600000001431
0.013189600000000468
0.012898999999999106
0.012553699999999779
0.014402699999999768
0.013614399999999804
0.014641499999999752
0.013049200000001093
0.014239900000001526
0.014399699999998461
0.014798700000000053
0.013848799999999883
0.01467399999999941
0.013200100000000603
0.014010900000000603
0.015111599999999115
0.014743100000000453
0.01498220000000039
0.01313889999999951
0.014200900000000516
0.01361810000000041
0.014468799999999504
0.013251099999999738
0.012838300000000302
0.015072499999998712
0.015728499999999812
0.01461470000000098
0.014267900000000111
0.013004300000000413
0.014032999999999518
0.013926500000000175
0.014211100000000698
0.013265200000001087
0.013755600000001422
0.013699599999998924
0.014403800000000189
0.01422440000000158
0.01725580000000093
0.012808899999999568
0.013027100000000402
0.013405999999999807
