0.012925000000000075
0.01227170000000033
0.011740300000000037
0.01381370000000004
0.011871000000000187
0.011612700000000142
0.012383699999999997
0.012041099999999805
0.014024200000000153
0.012789700000000348
0.012823999999999725
0.01210319999999987
0.01310240000000018
0.012707900000000105
0.015533700000000206
0.012732499999999813
0.013326800000000194
0.012661899999999893
0.012131300000000067
0.012401999999999802
0.012455200000000222
0.012407500000000127
0.013920000000000154
0.013082799999999839
0.01315350000000004
0.012976999999999794
0.011962099999999865
0.011967399999999628
0.012405499999999847
0.013121799999999961
0.01218129999999995
0.014468200000000042
0.012169600000000003
0.013527199999999961
0.01256630000000003
0.011938000000000226
0.012750800000000062
0.0138594000000003
0.012720999999999982
0.013491600000000048
0.014594500000000288
0.02356009999999964
0.013132000000000144
0.013430000000000053
0.0122412999999999
0.012013599999999958
0.012595000000000134
0.012325000000000141
0.014734400000000036
0.01241480000000017
0.012024999999999952
0.014488799999999635
0.013708099999999668
0.013417499999999638
0.014032000000000266
0.012181400000000231
0.012969200000000125
0.012804000000000038
0.01596220000000015
0.02143179999999978
0.02121519999999988
0.014007600000000231
0.013734999999999609
0.015238899999999944
0.015200600000000009
0.013687099999999841
0.015606599999999915
0.013207799999999992
0.012073800000000023
0.012464599999999937
0.016692200000000046
0.01234029999999997
0.013083099999999792
0.012732499999999813
0.01266899999999982
0.012169200000000213
0.01220259999999973
0.012672000000000239
0.013717300000000154
0.014393099999999937
0.014154
0.013778700000000033
0.012650400000000062
0.01232040000000012
0.012765699999999658
0.013887900000000286
0.013455100000000275
0.012429900000000327
0.012308700000000172
0.012782799999999206
0.01256780000000024
0.012315099999999468
0.014087500000000475
0.013845499999999511
0.01264019999999988
0.011586700000000505
0.013149600000000206
0.013048500000000018
0.01195190000000057
0.01347879999999968
