0.030771200000003773
0.02180989999999383
0.018428099999994174
0.02617689999999584
0.0185814000000164
0.02451390000001652
0.023322900000010804
0.01978719999999612
0.02538329999998723
0.030446299999994153
0.030334400000015194
0.034521000000012236
0.031188799999995354
0.025738200000006373
0.02525219999998285
0.032712799999984554
0.02717930000000024
0.02634500000002049
0.021017400000005182
0.03784459999999967
0.02576350000001071
0.029923400000001266
0.025984600000015234
0.021687700000001087
0.036123500000002196
0.02728700000000117
0.023180800000005775
0.027171199999997953
0.02899229999999875
0.025476199999985738
0.02661170000001789
0.021674600000011424
0.026863800000000992
0.04651620000001344
0.03748439999998254
0.04245740000001774
0.03826150000000439
0.02755050000001802
0.04065850000000637
0.031844800000015994
0.029421700000000328
0.022982799999994086
0.033775699999978315
0.027419699999995828
0.022615100000024313
0.032788199999998824
0.01939620000001696
0.02786789999998973
0.025772399999993922
0.03017210000001569
0.04049079999998639
0.02384860000000799
0.028936200000003964
0.02453650000001062
0.022519700000003695
0.015187400000002071
0.029944800000009764
0.02908729999998627
0.02229209999998716
0.02090599999999654
0.025496200000020508
0.017971000000017057
0.016285399999986794
0.021144300000003113
0.03419310000001019
0.027541100000007646
0.027381200000007766
0.026203600000002325
0.02099160000000211
0.02402379999998061
0.026060400000005757
0.022732700000005934
0.025644499999998516
0.025509999999997035
0.03362160000000358
0.03926649999999654
0.030236500000000888
0.028171999999983655
0.0310516999999777
0.03351449999999545
0.025951899999995476
0.03746200000000499
0.027592599999991307
0.02700079999999616
0.023189399999978377
0.03472190000002229
0.025585500000005368
0.04040599999999017
0.029886099999998805
0.024591999999984182
0.026196199999986902
0.02443880000001286
0.016664500000018734
0.029578399999991234
0.024666400000000976
0.021892999999977292
0.02325860000001967
0.02395769999998265
0.03161929999998847
0.022399299999989353
