0.06134059999999408
0.11400599999996075
0.112662499999999
0.058703799999989315
0.11194340000002967
0.11326210000004266
0.11265320000001111
0.054717600000003586
0.050959999999975025
0.11257910000000493
0.11685620000002928
0.12099180000001297
0.11555830000003198
0.11581549999999652
0.11418960000003153
0.11389780000001792
0.11246130000000676
0.05295730000000276
0.11447469999995974
0.11337090000000671
0.11299040000000105
0.06133199999999306
0.11145199999998567
0.11359199999998282
0.11416839999998274
0.11506560000003674
0.059291700000017045
0.11380170000001044
0.05522439999998596
0.11216949999999315
0.11577660000000378
0.061265800000001036
0.12056179999996175
0.05917599999997947
0.0534432000000038
0.05425830000001497
0.11323530000004212
0.11227300000001605
0.11389950000000226
0.11577820000002248
0.112987999999973
0.05991650000004256
0.1128659999999968
0.11352069999998093
0.05772500000000491
0.11552169999998796
0.11124780000000101
0.11366259999999784
0.05815469999998868
0.11347580000000335
0.1127440000000206
0.11339129999998931
0.05659769999999753
0.0499561999999969
0.11315909999996165
0.06225820000003068
0.112475800000027
0.11495920000004389
0.06182680000000573
0.05411399999997002
0.11248069999999188
0.11476549999997587
0.1250475000000506
0.11274539999999433
0.11331050000001142
0.11298080000000255
0.11519479999998339
0.1123705999999629
0.04842020000000957
0.11284990000001471
0.11286139999998568
0.11460969999995996
0.11390890000001264
0.11333389999998644
0.0622569000000226
0.1149436000000037
0.11280240000002095
0.05692810000005011
0.05587830000001759
0.06218260000002829
0.11364179999998214
0.11476670000001832
0.11237810000000081
0.11455860000000939
0.11367150000000947
0.05218259999998054
0.11303520000001299
0.05345529999999599
0.11339800000001787
0.11284140000003617
0.11338160000002517
0.06368689999999333
0.11502089999999043
0.1156472999999778
0.11259549999999763
0.11394710000001851
0.059199599999999464
0.06142729999999119
0.057235599999955866
0.11165540000001783
