0.04479779999999778
0.035812999999990325
0.04130630000000224
0.037944399999986445
0.02851280000001566
0.055208499999992
0.042838399999993726
0.04645730000001436
0.04691340000002242
0.02958309999999642
0.03618299999999408
0.045905799999985675
0.03402019999998629
0.040822200000008024
0.04560129999998708
0.037377000000020644
0.05469859999999471
0.04021869999999694
0.04373609999998962
0.04595179999998322
0.029678499999988617
0.03916870000000472
0.04654529999999113
0.11859060000000454
0.05325570000002244
0.049832399999985455
0.050685899999990625
0.038868800000017245
0.03967890000001262
0.0445543000000157
0.035593100000028244
0.045297199999993154
0.04768960000001243
0.03947219999997742
0.034515900000002375
0.02786619999997697
0.04823220000000106
0.04069699999999443
0.03561790000000542
0.04676739999999313
0.038061699999985876
0.02977210000000241
0.05259419999998727
0.06294979999998418
0.024153500000011263
0.040272700000002715
0.042885500000011234
0.047870200000005525
0.04647660000000542
0.03343899999998712
0.04071730000001139
0.05582520000001523
0.042215999999996257
0.04492830000000936
0.05322490000000357
0.04535329999998794
0.05984090000001174
0.03658819999998286
0.047724700000003395
0.030950100000012526
0.04181070000001341
0.047270999999994956
0.04398299999999722
0.047946799999976975
0.041623799999996436
0.05052779999999757
0.0465733000000057
0.048812400000002754
0.056099999999986494
0.039310999999997875
0.035375600000008944
0.057840400000003456
0.030804399999993848
0.038567699999987326
0.11129629999999224
0.04919709999998645
0.044961800000010044
0.046526200000016615
0.03853019999999674
0.044167900000019245
0.04806930000000875
0.044503899999995156
0.031198100000011664
0.03176649999997494
0.04042009999997731
0.05410460000001649
0.04273650000001794
0.03840850000000273
0.04762719999999376
0.047670799999991686
0.037262399999974605
0.03659039999999436
0.0423782000000017
0.03820619999999053
0.039064300000006824
0.04927309999999352
0.03504379999998264
0.037174200000009705
0.039672899999999345
0.054070000000024265
