0.009761600000000925
0.0109572
0.010142700000002947
0.010985000000001577
0.010143600000002806
0.010113199999999267
0.010092600000000118
0.010191000000002504
0.010380500000000126
0.010191299999998904
0.010123499999998842
0.010328900000001084
0.011405700000000962
0.012226899999998153
0.010898100000002131
0.010822700000002072
0.010703199999998247
0.011653800000001269
0.014910199999999207
0.010063699999999898
0.009989199999999698
0.011430700000001792
0.010804300000000211
0.012551299999998378
0.011521699999999413
0.010270600000001906
0.0120964999999984
0.010663099999998593
0.01071449999999885
0.011072200000000976
0.010299799999998527
0.009671299999997274
0.010793499999998346
0.011247400000002017
0.010370500000000504
0.010243700000000189
0.010538699999997903
0.009332199999999347
0.010130500000002485
0.010233899999999352
0.010972299999998825
0.009690100000000257
0.010582899999999285
0.011117300000002217
0.010976800000001674
0.010760699999998735
0.011036900000000571
0.01048940000000087
0.011238800000000992
0.01139519999999905
0.011237999999998749
0.010223799999998562
0.009788299999996752
0.010036400000000611
0.010084400000000215
0.00969830000000016
0.010437899999999445
0.010564500000000976
0.011083899999999147
0.010070100000000082
0.010026800000002112
0.010037000000000518
0.009855999999999199
0.010421999999998377
0.0105082000000003
0.010184999999999889
0.010016000000000247
0.01030370000000147
0.015985400000001704
0.018305199999996802
0.01593559999999883
0.012280300000000466
0.01277199999999823
0.014395300000000333
0.010504099999998573
0.010153100000000137
0.011165300000001821
0.011142700000000616
0.014223900000001066
0.012154899999998747
0.010702800000000678
0.011191099999997789
0.010173500000000502
0.014757299999999418
0.009748399999999435
0.009952699999999481
0.009877899999999329
0.01045299999999827
0.009781000000000262
0.009598199999999224
0.010834400000000244
0.011177899999999852
0.01159020000000055
0.011490899999998305
0.012934300000001286
0.010419300000002352
0.010966100000000978
0.010148199999999719
0.011551299999997156
0.00968819999999937
