0.010831700000000666
0.010895200000000216
0.011903600000000125
0.011811200000000355
0.012602099999998728
0.011932800000000299
0.011858600000000052
0.012191599999997749
0.011011599999999788
0.011801700000003024
0.012214099999997785
0.011352599999998603
0.011732900000001933
0.011272099999999341
0.012684600000000046
0.012046699999999078
0.01242820000000222
0.011056899999999814
0.01244039999999913
0.011365200000000186
0.011830100000000954
0.011402499999999094
0.010945700000000613
0.012568300000001642
0.011301500000001852
0.010803299999999183
0.011692899999999895
0.011911099999998953
0.012520900000001944
0.01223110000000105
0.011603900000000777
0.011929099999999693
0.011065899999998408
0.012819800000002601
0.012635799999998198
0.01200290000000237
0.011615100000000211
0.011121299999999223
0.011746800000000945
0.01198490000000163
0.011949099999998936
0.011800499999999658
0.011964299999998929
0.011283500000001112
0.012208499999999844
0.01788919999999905
0.012623200000000168
0.011953999999999354
0.012307200000002183
0.013044199999999506
0.012448400000000248
0.011750800000001504
0.011122999999997774
0.012585699999998923
0.012205699999999098
0.011445399999999495
0.012411900000000031
0.0124929999999992
0.010814199999998664
0.011907499999999516
0.013560800000000484
0.014166700000000532
0.012715299999999985
0.013050299999999737
0.012432999999997918
0.016571800000001247
0.02161140000000117
0.017846600000002155
0.016832499999999584
0.013135500000000633
0.014756999999999465
0.011232700000000762
0.011357699999997806
0.012300299999999709
0.01185040000000015
0.013563500000000062
0.011280800000001534
0.012705600000000317
0.012409099999999285
0.011948699999997814
0.01285569999999936
0.013762100000000999
0.012994299999999015
0.01130759999999853
0.011563299999998833
0.013533400000000029
0.01282279999999858
0.011776499999999857
0.01212730000000306
0.013420599999999894
0.014264300000000674
0.012922400000000778
0.012706200000000223
0.012537699999999319
0.01234760000000179
0.01253369999999876
0.01136149999999958
0.012996600000001024
0.01174249999999688
0.011997799999999614
