0.01361440000000158
0.013413100000001066
0.013032699999996566
0.014009100000002661
0.011999400000000549
0.012917199999996853
0.013700899999996352
0.012096300000003168
0.014514299999994762
0.01332620000000162
0.012841199999996888
0.013677000000001271
0.015664499999999748
0.013844499999997595
0.013179499999999678
0.014370999999997025
0.011903099999997835
0.012900099999995973
0.014415800000001866
0.013014900000001717
0.013519399999999848
0.013912500000003547
0.014275200000000154
0.013408200000000647
0.013225800000000731
0.013599900000002663
0.013001400000000274
0.013030600000000447
0.016101399999996602
0.015232699999998545
0.013310999999994522
0.015379099999996981
0.014255499999997312
0.01331520000000097
0.012909199999995735
0.01329059999999771
0.011965000000003556
0.012474500000003275
0.011659100000002809
0.012482599999998456
0.012643500000002916
0.011510600000001148
0.012827299999997877
0.01658729999999764
0.012688000000004251
0.011069499999997845
0.016531700000001592
0.014664299999999741
0.014181900000004077
0.013170900000005759
0.012341599999999175
0.010881200000000035
0.012384199999999623
0.014273200000005204
0.012559799999998233
0.011485099999994475
0.013384999999999536
0.01238819999999663
0.015497899999999731
0.012704400000004057
0.012428100000001052
0.013700100000001214
0.024198499999997125
0.019065099999998836
0.02263980000000032
0.014173700000000622
0.013349600000005069
0.015042100000002279
0.015373400000001425
0.012090700000001675
0.011890999999998542
0.01569409999999749
0.01573839999999649
0.013930399999999565
0.014020000000002142
0.01301189999999508
0.01270080000000462
0.013883399999997437
0.015004799999999818
0.015128500000002987
0.014114900000002706
0.012601700000004712
0.013731899999996244
0.013788500000003978
0.014013399999996068
0.01447339999999997
0.012760299999996505
0.014454700000001708
0.015480599999996514
0.014579699999998752
0.013068100000005245
0.013857599999994363
0.014368399999995063
0.013661299999995435
0.012957400000004782
0.011718799999997032
0.011579699999998638
0.013105099999997094
0.015951800000003402
0.013856100000005256
