0.014581400000004408
0.013958299999998758
0.01813680000000062
0.016415000000002067
0.017367299999996533
0.014337900000001014
0.014563400000000115
0.014995999999996457
0.015218199999999626
0.015384900000000812
0.014913499999998692
0.012795600000004015
0.017300000000005866
0.014777600000002167
0.01702540000000141
0.016195600000003196
0.013052900000005252
0.014229100000001438
0.014761700000001099
0.016584399999999277
0.013657100000003197
0.014789000000000385
0.015424099999997054
0.016305800000004922
0.014347399999998345
0.01526929999999993
0.0142413000000019
0.015381299999994269
0.016654099999996674
0.015081299999998521
0.013098200000001725
0.01471610000000112
0.014564299999996422
0.014552899999998203
0.01484479999999877
0.014801999999995985
0.015470799999995677
0.014419599999996535
0.01447480000000212
0.016382500000005962
0.014405799999998692
0.012900900000005322
0.014111599999999669
0.013523800000001529
0.013374699999999962
0.014086700000000008
0.013628900000000499
0.013568999999996834
0.01626149999999882
0.015624899999998831
0.013440799999997921
0.01655749999999756
0.0156055000000066
0.014617300000004718
0.01536590000000615
0.01656950000000279
0.02517670000000294
0.023655900000001395
0.02172780000000074
0.018463400000001684
0.013537100000000635
0.016184800000004884
0.014347699999994745
0.015342799999999102
0.014861799999998482
0.013995299999997712
0.0142319999999998
0.01493080000000191
0.017525800000001368
0.013965499999997633
0.013577300000001458
0.014333499999999333
0.013666000000000622
0.01509340000000492
0.014912600000002385
0.01379379999999486
0.012877199999998368
0.01560789999999912
0.01426930000000226
0.01574540000000013
0.012475199999997244
0.01455039999999741
0.016543300000002148
0.016050100000001066
0.0165007000000017
0.013919799999996485
0.013658200000001841
0.012928199999997503
0.016925099999994586
0.016013000000000943
0.014475400000002026
0.013705700000002707
0.014866599999997732
0.01849560000000139
0.01459390000000127
0.012757000000000573
0.014060400000005302
0.014178100000002303
0.015621099999997057
0.014642000000002042
