0.012452400000000807
0.01384660000000082
0.014932600000001628
0.014816199999998503
0.012791499999998734
0.014166700000004084
0.01383249999999947
0.012479200000001356
0.012178599999998596
0.013046400000000347
0.01296639999999627
0.01342689999999891
0.012874000000003605
0.012579899999998645
0.01281540000000092
0.011495600000003492
0.012433700000002545
0.013394999999995605
0.012037400000004084
0.01222389999999507
0.012332000000000676
0.011329899999999782
0.014049599999999884
0.014614899999997988
0.013023799999999142
0.018080099999998822
0.012090599999993401
0.010957900000001075
0.013815999999998496
0.013967499999999688
0.012498900000004198
0.013500400000005186
0.013002700000001255
0.01159950000000265
0.012395300000001441
0.012735500000005118
0.012649000000003241
0.013849100000001613
0.011524000000001422
0.011232999999997162
0.012370799999999349
0.012097199999999475
0.012341100000000438
0.012186399999997377
0.011670999999999765
0.013770000000000948
0.016260600000002512
0.01318690000000089
0.013002999999997655
0.012576100000003976
0.012986500000003787
0.011959999999994864
0.01398280000000085
0.01426219999999745
0.01229820000000359
0.012269199999998648
0.01566739999999811
0.013747399999999743
0.014218799999994758
0.012422000000000821
0.013162399999998797
0.013465800000005856
0.012533799999999928
0.016755699999997375
0.021657099999998763
0.02186410000000194
0.022315100000000143
0.015280400000001748
0.0159772000000018
0.013684800000000052
0.013579800000002251
0.011818699999999183
0.011767700000000048
0.014634799999996062
0.013165200000003097
0.012385299999998267
0.012403100000000222
0.012284900000004484
0.012811200000001577
0.012834499999996751
0.012821399999999983
0.013795200000004115
0.012073800000003132
0.012210099999997226
0.015274000000005117
0.014801000000005615
0.012432599999996796
0.013025700000000029
0.014118500000002143
0.015688599999997166
0.011067199999999389
0.014781900000002679
0.012851300000001231
0.012334200000005069
0.012439199999995765
0.012431799999994553
0.01396119999999712
0.013618999999998493
0.01159300000000485
0.013185299999996403
