0.010984100000001717
0.010128899999997998
0.010759499999998923
0.011518499999997545
0.011612700000000586
0.01178430000000219
0.010867799999999761
0.010615400000002495
0.010586199999998769
0.012301000000000784
0.010680600000000595
0.010764299999998173
0.011345399999999728
0.012195799999997092
0.012331700000000723
0.011629899999999083
0.011053900000000283
0.010829600000000994
0.011696100000001763
0.010632499999999823
0.011390000000002232
0.011545699999999215
0.01182139999999876
0.012798700000001162
0.01208639999999761
0.011887000000001535
0.013494699999998971
0.012058599999999586
0.01164190000000076
0.011717499999999603
0.011016900000001328
0.011865199999999021
0.011743299999999124
0.0107161999999974
0.010798499999999933
0.011064399999998642
0.010723099999999874
0.011883600000000882
0.010374600000002232
0.012310499999998115
0.011589899999997044
0.012052600000000524
0.011870300000001777
0.010359600000001024
0.011482799999999571
0.011476999999999293
0.010399400000000725
0.010704599999996844
0.010462799999999106
0.011499099999994655
0.0109605999999971
0.01155740000000094
0.010102699999997355
0.011409100000001615
0.013237500000002456
0.013346900000001938
0.01158709999999985
0.011155599999995047
0.011908600000005265
0.01080859999999717
0.010259999999995273
0.010354100000000699
0.011527700000002028
0.010639000000004728
0.010043100000004301
0.011118899999999599
0.011917199999999184
0.011684900000005882
0.011310500000000445
0.01309819999999462
0.021752399999996896
0.019900100000000975
0.01803300000000263
0.0169034000000039
0.01142350000000647
0.011733100000000718
0.010920399999996278
0.010365700000001254
0.009960499999998262
0.010315099999999688
0.010146400000003553
0.011601000000005968
0.01196440000000365
0.010187200000004282
0.011009399999998948
0.010777800000006721
0.01016949999999639
0.011613099999998155
0.011459999999999582
0.01193049999999829
0.012677599999996403
0.011033300000001134
0.011071900000004575
0.010226599999995756
0.013046899999999084
0.011127899999998192
0.00986790000000326
0.011548299999994072
0.01088190000000111
0.010667099999999152
