0.010920500000004552
0.010123100000001273
0.012168700000003696
0.012323800000004326
0.010075499999999238
0.013168300000003796
0.01204309999999964
0.011358099999995375
0.012234299999995812
0.011118600000003198
0.0101006999999953
0.012311400000001527
0.013245699999998806
0.011287100000004102
0.011440600000000245
0.012551300000005483
0.011404800000001103
0.01225570000000431
0.01224099999999595
0.012212399999995682
0.01301809999999648
0.011401700000000403
0.010028900000001784
0.013817400000000646
0.011799899999999752
0.011531900000001372
0.011901500000000453
0.014465899999997589
0.010076599999997882
0.013675299999995616
0.012726999999998156
0.011042400000000896
0.014112699999998313
0.012444600000002026
0.012420900000002177
0.012935599999998715
0.01141219999999521
0.010323599999999544
0.011775400000004765
0.0113314000000031
0.011114700000000255
0.013899800000004348
0.013614699999997981
0.0099671999999984
0.011264199999999391
0.011497200000000873
0.009994500000004791
0.013130599999996662
0.011254399999998554
0.011930500000005395
0.011929599999994878
0.013502000000002568
0.012243800000000249
0.011635499999997023
0.012134100000004366
0.010411099999998896
0.01146760000000313
0.013235700000002737
0.013340700000000538
0.012328799999998807
0.011477999999996769
0.010528899999997066
0.011372299999997892
0.011950399999996364
0.009610999999999592
0.013033899999996379
0.0109794999999977
0.010027700000001971
0.015143699999995874
0.016308700000003284
0.012674799999999209
0.017653000000002805
0.017971000000002846
0.01199280000000158
0.013158000000004222
0.011094399999997506
0.009809500000002913
0.010473600000004524
0.011107400000000212
0.009319699999998932
0.012518399999997598
0.011027600000005577
0.009765299999997978
0.012407400000000735
0.010826500000000294
0.009476299999995774
0.011032399999997722
0.011517200000000116
0.009922800000005338
0.013253499999997587
0.011641999999994823
0.012270899999997198
0.012511700000004566
0.013287000000005378
0.013084100000000376
0.012353199999999731
0.011643700000000479
0.010927000000002351
0.011551799999999446
0.012124100000001192
