0.019016899999996895
0.022506299999996315
0.020167700000001787
0.019856499999995947
0.018458500000001266
0.01955499999999688
0.01848120000000364
0.017659399999999437
0.020956599999998105
0.01824529999999669
0.020669899999994357
0.018771300000004487
0.02184909999999718
0.017545200000000705
0.018486899999999196
0.020311800000001767
0.017914699999998618
0.019989299999998877
0.02040670000000233
0.020955299999997123
0.017480800000001295
0.018030400000000668
0.018010900000000163
0.019232799999997496
0.023500699999999597
0.023082399999999836
0.019088999999993916
0.02054239999999652
0.01722140000000394
0.022432299999998406
0.020198000000000604
0.01875639999999379
0.020246899999996515
0.02070020000000028
0.01887509999999537
0.021647399999999095
0.023691700000000537
0.016359199999996576
0.021065700000001186
0.018432300000000623
0.01929649999999583
0.017578399999997885
0.02043700000000115
0.022230299999996816
0.03017059999999816
0.02779930000000519
0.023435600000006218
0.0253125000000054
0.019322799999997642
0.017749399999999582
0.020785799999998744
0.01864129999999875
0.021811900000002993
0.01737370000000027
0.022374700000000303
0.019099300000000596
0.019968400000003328
0.01920369999999849
0.020478499999995847
0.021473799999995435
0.018756100000004494
0.02149430000000052
0.018930199999999786
0.021401599999997245
0.02283710000000383
0.020248100000003433
0.019236200000001702
0.0174274999999966
0.02009500000000486
0.01939829999999887
0.01756019999999836
0.01879029999999915
0.019798100000002705
0.01913509999999974
0.018104600000000914
0.021094300000001454
0.01970200000000233
0.02055159999999745
0.021561899999994694
0.022806899999999075
0.01918669999999878
0.018865099999999302
0.01970200000000233
0.01916760000000295
0.018668300000001636
0.022205900000002998
0.020543099999997594
0.020026800000003675
0.019461100000000897
0.022579100000001517
0.018875300000004813
0.020392600000000982
0.020860900000002403
0.019247500000005857
0.02019860000000051
0.02022399999999891
0.02063590000000204
0.02080959999999976
0.019855100000000903
0.022871699999996054
