0.014448400000006245
0.013447800000001564
0.013124900000001105
0.014370599999999456
0.013366500000003612
0.014198200000002714
0.013388599999998974
0.014432900000002746
0.01312250000000148
0.01653400000000005
0.013855299999995907
0.013639300000001242
0.015165199999998435
0.017626100000001088
0.016949900000000184
0.015493700000000388
0.013734900000002881
0.014102999999998644
0.014795700000000522
0.013935799999998721
0.014158700000002966
0.015102400000003513
0.013700800000002289
0.012393299999999385
0.017458400000002428
0.015855199999997183
0.014958000000000027
0.015329600000001165
0.014806399999997666
0.012377000000000749
0.013528399999998442
0.012852300000005812
0.012462899999995614
0.013687999999994815
0.012736599999996656
0.012978199999999163
0.014784499999997536
0.012650299999997117
0.013577699999999027
0.013370500000000618
0.013282499999995423
0.013237699999997687
0.014654499999998905
0.012855300000005343
0.012618699999997318
0.015080399999995109
0.014839100000003214
0.013530799999998067
0.014294499999998322
0.015439899999996953
0.01377430000000146
0.01651499999999828
0.01420190000000332
0.012981899999999769
0.014040600000001291
0.015092199999998002
0.013942000000000121
0.015921699999999817
0.018328400000001466
0.020612099999993916
0.020483099999999865
0.020968400000000997
0.020129199999999514
0.015594100000001276
0.01419920000000019
0.012597900000002937
0.013297999999998922
0.013796400000003928
0.012451099999999826
0.015566300000003253
0.014636100000004149
0.01455490000000026
0.014959600000004514
0.013338599999997314
0.012014000000000635
0.014072800000000996
0.014095699999998601
0.014714900000001307
0.014801399999996079
0.015751199999996857
0.012640300000001048
0.01687119999999709
0.015926999999997804
0.013962100000000532
0.01605570000000256
0.013127400000001899
0.012366300000003605
0.016852599999999995
0.015517700000003742
0.011743700000003798
0.013798700000002384
0.013024500000000216
0.01231119999999919
0.014048000000002503
0.015277400000002217
0.011309900000000539
0.013962800000001607
0.014530899999996905
0.011900700000005315
0.013533600000002366
