0.016614100000005294
0.013709800000000882
0.01698199999999872
0.014558800000003203
0.014189799999996922
0.014382799999999918
0.014768400000001236
0.01382939999999877
0.01508990000000665
0.015418900000000235
0.0127052000000063
0.014065799999997353
0.017886000000004287
0.015118200000003412
0.016614500000002863
0.016148700000002236
0.01490850000000421
0.01572360000000117
0.015416199999997104
0.015665099999999654
0.014400000000001967
0.014729500000001394
0.014202999999994859
0.014732899999998494
0.014051099999996097
0.015549800000002278
0.01713500000000323
0.019492599999999527
0.01389859999999743
0.0171354000000008
0.01631760000000071
0.015130200000001537
0.015532699999994293
0.015463599999996802
0.015252500000002556
0.01432750000000027
0.015615500000002669
0.013555700000004833
0.015832400000000746
0.017744300000003932
0.017088299999997503
0.020086700000000235
0.016186999999995066
0.013367399999999918
0.01591039999999566
0.017406700000002218
0.014250600000003999
0.015048399999997741
0.01528950000000151
0.015315100000002246
0.015379600000002824
0.016162000000001342
0.015340999999999383
0.016104099999999733
0.02120570000000299
0.024320499999994638
0.02503409999999917
0.019341099999998335
0.017576900000001672
0.017383600000002275
0.0141145999999992
0.013868199999997444
0.014431799999996997
0.01568900000000184
0.014428799999997466
0.01687869999999947
0.014580100000003426
0.013034099999998716
0.014894099999999355
0.013469600000000526
0.013356199999996932
0.01546480000000372
0.017111799999995014
0.013139700000003529
0.016646700000002568
0.015610199999997576
0.014549799999997504
0.014826199999994571
0.015044199999998398
0.015550099999998679
0.015591200000002914
0.016154800000002467
0.013271299999999542
0.01646310000000284
0.01608749999999759
0.014026100000002373
0.016379899999996894
0.016053499999998166
0.01354870000000119
0.015809399999994866
0.014240100000002087
0.013855200000001844
0.01672659999999837
0.01616099999999676
0.014361699999994926
0.017989900000003445
0.017243000000000563
0.013788499999996873
0.014935999999998728
0.015179699999997354
