0.019862799999998515
0.01885809999999566
0.020062600000002817
0.018440599999998142
0.018130500000005156
0.021774000000000626
0.020292200000000093
0.022377400000003433
0.018491699999998445
0.019779599999999675
0.019550999999999874
0.01946569999999781
0.018812500000002785
0.01786729999999892
0.019175600000004067
0.01905999999999608
0.015723299999997664
0.02026479999999964
0.016945200000002103
0.020307299999998918
0.01857840000000266
0.018928500000001236
0.015256800000003068
0.02147459999999768
0.019951599999998848
0.017636699999997063
0.017725499999997396
0.01817100000000238
0.018367699999998877
0.018856799999994678
0.015539799999999104
0.016374000000006106
0.019246500000001276
0.019379800000002945
0.020561700000001792
0.02189380000000085
0.01794200000000501
0.016911299999996743
0.018474699999998734
0.01749579999999895
0.022443799999997793
0.018028800000003287
0.02176899999999904
0.017986700000001576
0.020112600000004477
0.029552699999996435
0.028449399999999514
0.03309820000000485
0.023190200000001937
0.020506300000000977
0.01604160000000121
0.017451299999997616
0.020067900000000805
0.017817200000003197
0.020273599999995895
0.018292600000002324
0.01897650000000084
0.018355599999999583
0.0181536000000051
0.018306000000002598
0.018509399999999232
0.017744600000000332
0.01655240000000191
0.017533999999997718
0.017660999999996818
0.018022600000001887
0.02201039999999921
0.02037220000000417
0.02642409999999984
0.019250899999995852
0.01838120000000032
0.016566300000000922
0.017865100000001632
0.021171800000004737
0.01835129999999907
0.020730600000000265
0.015990700000003244
0.019218500000000915
0.018815500000002316
0.019392699999997376
0.019179399999998736
0.01699819999999619
0.018411999999997875
0.017572399999998822
0.019135500000004413
0.017642199999997388
0.01871620000000007
0.017178200000003585
0.020638099999999326
0.019815700000002323
0.01991920000000391
0.019635200000003294
0.016677100000002554
0.017028799999998512
0.01767139999999756
0.015832000000003177
0.0191724000000022
0.017909300000006567
0.01880589999999671
0.020373799999994446
