0.02259899999999959
0.013667699999999172
0.02008870000000229
0.01672349999999767
0.01787039999999962
0.01798310000000214
0.014695699999997203
0.01930240000000083
0.016262900000000968
0.01947320000000019
0.016091900000006376
0.016580000000004702
0.019134600000001
0.015779199999997218
0.016116599999996595
0.015107900000003838
0.01717859999999405
0.017851099999994346
0.016300199999996323
0.018217299999996328
0.01838700000000415
0.018156199999999956
0.01633969999999607
0.01887029999999612
0.01548980000000455
0.014991199999997207
0.018353599999997527
0.015434700000000134
0.016023599999996918
0.015337799999997515
0.016247899999996207
0.021623400000002846
0.015955099999999334
0.017275300000001437
0.01534629999999737
0.017794799999997224
0.017974100000003546
0.018524599999999225
0.01805320000000421
0.019859600000003752
0.017684000000002698
0.0168596999999977
0.018945799999997348
0.014274299999996742
0.017457899999996584
0.015774700000001474
0.015915300000003185
0.019118499999997596
0.02025239999999684
0.03425550000000044
0.03201310000000035
0.023134299999995278
0.02030330000000191
0.017544000000000892
0.017428899999998748
0.01516449999999736
0.018279700000000787
0.016337399999997615
0.017538300000005336
0.017727900000004126
0.023675199999999563
0.0176622999999978
0.017012000000001137
0.017578899999996622
0.018269300000000044
0.01902379999999937
0.017288899999996943
0.015661999999998955
0.017214000000002727
0.015858300000004988
0.01859789999999606
0.014962699999998108
0.017352999999999952
0.015240200000000925
0.01587390000000255
0.017502200000002688
0.019186099999998873
0.02076120000000259
0.014947799999994515
0.016957300000001396
0.016057099999997604
0.01612349999999907
0.016822900000001084
0.0141176999999999
0.017816699999997354
0.01733600000000024
0.015904999999996505
0.018865699999999208
0.01956350000000384
0.018873999999996727
0.0182682000000014
0.017749199999997245
0.01679109999999895
0.020532700000003956
0.015937700000002053
0.017820800000002635
0.021798200000006318
0.01666800000000279
0.0188046999999969
0.016145999999999106
