0.011770600000005516
0.012255999999993605
0.01392500000000041
0.012105599999998162
0.017268599999994194
0.012208000000001107
0.013481200000001081
0.012832599999995864
0.012346699999994826
0.011632199999993986
0.0110841999999991
0.0148734999999931
0.011020200000004365
0.012271800000007715
0.010831699999997113
0.01303760000000409
0.010727000000002818
0.01121020000000783
0.014088299999997389
0.011621399999995674
0.015203299999996034
0.010542400000005614
0.011621599999998011
0.011986100000001443
0.012003200000009429
0.01216879999999776
0.00913219999999626
0.013473899999993932
0.014935600000001159
0.010839300000000662
0.012955499999989684
0.010884500000003072
0.012335600000000113
0.012600200000008499
0.01495960000001162
0.011487600000009479
0.015200199999995334
0.013546399999995629
0.010675300000002608
0.013400599999997098
0.011117300000009323
0.01191029999999671
0.011628799999996886
0.013515499999996905
0.011010299999995254
0.010695499999997082
0.013650099999992449
0.013242099999999368
0.01317660000000842
0.011292800000006764
0.013209899999992558
0.010606500000008623
0.011528400000003103
0.012355200000001787
0.010905399999998622
0.25385820000001047
0.014811099999988642
0.016822300000001178
0.010366099999998823
0.012192099999992934
0.012718300000003069
0.010612399999999411
0.014580299999991553
0.011019599999997354
0.012079499999998689
0.011669799999992847
0.011758100000008653
0.015386499999991088
0.012453399999998283
0.01290059999999471
0.015415799999999535
0.015049700000005828
0.013690700000012157
0.0120995999999991
0.016809300000005578
0.01522439999999392
0.01457230000001175
0.013121299999994562
0.01521929999999827
0.010358400000001211
0.010683200000002557
0.011843700000000013
0.012185400000007007
0.013987200000002531
0.012826799999999139
0.01340290000000266
0.013132900000002223
0.013935799999998721
0.012253100000009454
0.013244200000002593
0.013471800000004919
0.009990000000001942
0.015140000000002374
0.01144529999999122
0.011016999999995392
0.02339599999999109
0.012442800000002308
0.012629099999998061
0.010408400000002871
0.013979100000000244
