0.013572199999998702
0.015973299999998858
0.017295500000003017
0.01825670000000912
0.014778399999997305
0.012666600000002859
0.012144300000002772
0.014139799999995262
0.016008499999998094
0.0150978000000066
0.012388099999995461
0.015101500000000101
0.013969900000006419
0.015539899999993168
0.014411599999988312
0.014203699999995933
0.015444900000005646
0.01563629999999705
0.014613599999989901
0.013405800000001022
0.014139700000001199
0.013907099999997286
0.012687299999996071
0.017122600000007537
0.011317800000000489
0.01783919999999739
0.014287699999997017
0.012892300000004298
0.017875100000011912
0.012251100000000292
0.02071840000000691
0.021180499999999824
0.018215600000004883
0.011874099999999999
0.01959649999999158
0.011920099999997547
0.016639699999998925
0.013099699999997938
0.01582220000000234
0.01369700000000762
0.013891899999990187
0.015974399999990396
0.013706799999994246
0.015152499999999236
0.015498199999996132
0.013849100000001613
0.012609700000012936
0.011036900000007677
0.0133430000000061
0.013517299999989518
0.013167099999989773
0.013244200000002593
0.014712199999991071
0.012782399999991867
0.02164600000000405
0.025310300000001007
0.032578599999993685
0.02573959999999431
0.026576900000009118
0.01721820000000207
0.014234599999994657
0.012370199999992337
0.01317009999999641
0.013704299999986347
0.013850399999995489
0.012992199999999343
0.013651299999992261
0.010998900000004141
0.01436010000000465
0.013001300000013316
0.015632199999998875
0.012038699999990854
0.018931100000003198
0.016940599999998085
0.01687010000000555
0.023275999999995634
0.013927600000002371
0.013387300000005098
0.01313760000000741
0.013454900000013481
0.013945000000006758
0.012531400000000303
0.01398179999999627
0.012439399999990997
0.020233500000003346
0.012285399999996116
0.013607799999988401
0.01302320000000634
0.015139000000004899
0.012280099999998129
0.015422000000000935
0.014130200000010973
0.017971799999997984
0.021100599999996916
0.01767169999999396
0.018114499999995815
0.013658700000007684
0.014153999999990674
0.014264699999998243
0.013348500000006425
