0.01553429999999878
0.012946700000000533
0.017276200000011954
0.014781400000003941
0.01512269999999205
0.015207399999994209
0.01715889999999831
0.016038399999999342
0.015220599999992146
0.015173300000000722
0.018146900000004962
0.015459799999987922
0.01647400000000232
0.013203900000007707
0.01838329999999644
0.01799570000000017
0.016396999999997774
0.01486189999999965
0.015801699999997254
0.015799400000005903
0.015827500000000327
0.01336900000001151
0.015772299999994743
0.01580669999999884
0.01802510000000268
0.01657679999999573
0.01925940000000992
0.021899599999997577
0.02258090000000834
0.016947400000006496
0.017117999999996414
0.015350799999993114
0.016359199999996576
0.013999800000007667
0.014803000000000566
0.013668699999996647
0.016271200000005592
0.015295399999999404
0.014435300000002371
0.016482899999999745
0.013916600000001722
0.013627900000003024
0.01674040000000332
0.015514199999998368
0.01628920000000278
0.013920999999996297
0.0141143000000028
0.015396199999997862
0.015098699999995802
0.018575099999992517
0.016355799999999476
0.015605600000000663
0.024538100000000895
0.025876699999997754
0.024744100000006597
0.01781179999998983
0.023856100000003266
0.014485700000008706
0.014348300000008862
0.0201694999999944
0.014840499999991152
0.015197299999996972
0.016173199999997223
0.014023299999990968
0.017913599999999974
0.01621830000000557
0.016977900000000545
0.016011000000005993
0.015637099999992188
0.014863899999994601
0.015362300000006712
0.014323199999992653
0.015676599999991936
0.014552999999992267
0.01561710000000005
0.014967599999991421
0.018507499999998345
0.015600000000006276
0.017332699999997203
0.015273100000001705
0.016986699999989696
0.01364670000000956
0.016145899999997937
0.014105200000003038
0.016004300000005856
0.013638000000000261
0.015174299999998198
0.01762809999999604
0.016485799999998108
0.015907100000006835
0.01591460000000211
0.016645400000001587
0.019499400000000833
0.014885399999997162
0.015153599999990774
0.01571680000000697
0.016562500000006253
0.014606899999989764
0.01595780000000957
0.01652369999999337
