0.022133499999995365
0.019512500000004707
0.017254000000008318
0.018907900000002087
0.0216660000000104
0.01806209999999453
0.02026550000000782
0.023454600000007986
0.019316099999997505
0.022525600000008694
0.019125600000009513
0.018730500000003758
0.021725000000003547
0.021214099999994573
0.021807100000003743
0.02034009999999853
0.023905999999996652
0.02750539999999546
0.019082100000005653
0.01650310000000843
0.019631700000005026
0.019643000000002075
0.020661200000006374
0.01884669999999744
0.01794769999999346
0.02099280000000192
0.022065700000013067
0.01583069999999509
0.02000869999999111
0.018602100000009614
0.020018399999997882
0.021069199999999455
0.020871100000007914
0.01743460000000141
0.02774639999999806
0.01815820000000201
0.021679100000000062
0.01994289999998955
0.018859800000001314
0.02204860000000508
0.01923880000001077
0.01959759999999733
0.028221799999997188
0.04345109999999863
0.0462911000000048
0.023353800000009528
0.022152399999995964
0.021157000000002313
0.02653149999999016
0.01948919999999532
0.01943239999999946
0.021318300000004342
0.021067299999998568
0.02023050000001092
0.021244300000006433
0.020246999999997684
0.021134500000002276
0.025602899999995543
0.024983699999992837
0.020636000000010313
0.01904050000000268
0.021349199999988855
0.019050300000003517
0.01850480000000232
0.01954590000001133
0.020206400000006397
0.022080899999991743
0.020004700000001208
0.01952620000000138
0.02011980000000335
0.02404749999999467
0.023253699999997934
0.021917600000008974
0.020584999999996967
0.018868600000004676
0.018964900000000284
0.019354000000006977
0.018366799999995465
0.023826999999997156
0.01722019999999702
0.020982799999998747
0.017848300000011363
0.022311999999999443
0.0186748999999935
0.023209999999991737
0.019668899999999212
0.023098799999999642
0.01994940000000156
0.025848799999991456
0.02410480000000348
0.02131370000000743
0.022833800000000792
0.021927599999997938
0.01845089999999061
0.019061600000000567
0.02279590000000553
0.026755699999995386
0.016236499999990883
0.021634199999994053
0.02591189999999699
