0.022123300000004065
0.03380039999998985
0.02630999999999517
0.024079499999999143
0.022373299999998153
0.021971600000000535
0.023399799999992865
0.027338299999996707
0.02191270000000145
0.02893269999999859
0.019857500000000528
0.02512389999999698
0.04015559999999141
0.02220090000000141
0.021830399999998917
0.01861270000000559
0.026182700000006776
0.02260090000000048
0.02103540000000237
0.026908500000004665
0.020541100000002643
0.025848499999995056
0.03265199999999879
0.03375300000000436
0.02743270000000564
0.035577600000010534
0.023134800000008227
0.021843099999998117
0.02858829999999557
0.02428449999999316
0.023232299999989436
0.025028200000008383
0.025205900000003112
0.01953520000000708
0.026236900000000674
0.025756099999995286
0.0451512000000065
0.05510430000001065
0.027320099999997183
0.03484039999999311
0.024989300000001435
0.022874799999996753
0.021981999999994173
0.02148719999999571
0.024160299999991253
0.021773799999991184
0.021652699999989977
0.020862600000000953
0.020452400000010584
0.020864000000003102
0.018673599999999624
0.023495500000009883
0.023605200000005766
0.016158199999992462
0.024256199999996397
0.018558699999999817
0.02247010000000671
0.020360900000000015
0.017065799999997466
0.023477499999998486
0.027613999999999805
0.023174900000000775
0.024780000000006908
0.0196897000000007
0.02614330000000109
0.022992999999999597
0.02719260000000645
0.02529029999999466
0.017054199999989805
0.025651899999999728
0.021535400000004756
0.020979000000011183
0.022085700000005204
0.022133999999994103
0.026773099999999772
0.02353300000000047
0.029536800000002472
0.031004400000000487
0.020517099999992183
0.022876799999991704
0.030258799999998587
0.024993199999997273
0.031067600000000084
0.03583270000000027
0.02278599999999642
0.020422200000012936
0.02621650000000386
0.028141099999999142
0.022589799999991556
0.020371099999991316
0.02431109999999137
0.02561609999999348
0.024338000000000193
0.027071300000002907
0.02789809999998738
0.02209380000000749
0.020852800000000116
0.032152299999992806
0.025734599999992724
0.02359830000000329
