0.04635600000000295
0.027296799999987797
0.027817200000001208
0.029101999999994632
0.027830399999999145
0.02183329999999728
0.03086749999999938
0.031145100000003367
0.03511809999999116
0.027422900000004802
0.027394100000009303
0.030370699999991757
0.02600060000000326
0.033533800000000724
0.026212400000005687
0.024936499999995476
0.029942399999995928
0.024146500000000515
0.03396709999999814
0.024956000000003087
0.027155699999994454
0.025220099999998524
0.026410200000000827
0.029409700000002204
0.029299899999998047
0.029360900000000356
0.035319999999998686
0.028816399999996634
0.024376799999998866
0.027798400000008883
0.029590200000001232
0.032176000000006866
0.06662529999999833
0.048038000000005354
0.03960589999999797
0.0259762999999964
0.02997579999998834
0.03490709999999808
0.03576529999999423
0.02476339999999766
0.029764000000000124
0.02184060000000443
0.02436729999999443
0.032018600000000674
0.033385499999994295
0.02400540000000717
0.026815900000002557
0.030444000000002802
0.024063699999999244
0.025708899999997925
0.024436399999999026
0.028279999999995198
0.025144600000004402
0.02525560000000837
0.023759400000002984
0.028423500000002377
0.03319070000000579
0.028314100000002895
0.023812900000010018
0.028485900000006836
0.0285049000000015
0.025615999999999417
0.028255400000006148
0.025376699999995367
0.031493400000002225
0.03363990000001138
0.025552699999991546
0.0325182000000126
0.026775099999994723
0.03488750000001062
0.036432300000001305
0.03192080000000885
0.02884569999999087
0.028863899999990394
0.03753539999999589
0.029818499999990422
0.026351099999999406
0.028698399999996127
0.02767459999999744
0.027725900000007186
0.0294540000000012
0.025659799999999677
0.03177549999999485
0.04493799999998771
0.03589329999999791
0.03801199999999483
0.02896119999999769
0.037592699999990487
0.027408399999998778
0.02723810000000526
0.03436960000000511
0.037276199999993764
0.03661899999998752
0.022534100000001445
0.043645500000010884
0.029753799999994612
0.032965099999998415
0.03617159999998876
0.029019300000001635
0.028998299999997812
