0.012228399999997919
0.010404800000003434
0.013224100000002181
0.012147800000008147
0.011545499999996878
0.012000900000003867
0.013066799999990053
0.01318280000000982
0.010861699999992425
0.011795700000007514
0.010939999999990846
0.013789199999990842
0.012167099999999209
0.014946600000001808
0.011961800000008793
0.011077300000010837
0.013412399999992886
0.010874499999999898
0.012814000000005876
0.014727499999992233
0.014126500000003261
0.011270999999993592
0.009993599999987168
0.011161099999995372
0.01046970000000158
0.013095699999993826
0.01305200000000184
0.01390099999998995
0.011900100000005409
0.013112299999988863
0.013704599999996958
0.012867299999996362
0.014325700000000552
0.012189699999993309
0.012013800000005403
0.01180579999999054
0.013061199999995665
0.01062590000000796
0.012681999999998084
0.01121020000000783
0.010310300000000439
0.010661400000003596
0.017874599999998964
0.015161800000001335
0.013701400000002195
0.015730300000001307
0.013790400000004865
0.013204999999999245
0.012816900000004239
0.011495099999990543
0.01254289999999969
0.013992299999998181
0.0140824000000066
0.01183430000000385
0.014282300000004966
0.011706099999997832
0.014380200000005061
0.012013899999999467
0.012834799999993152
0.012025199999996516
0.014704000000008932
0.015606099999999401
0.011639299999998798
0.01637230000000045
0.027768300000005297
0.020942600000012135
0.018503300000006107
0.014614599999987377
0.014823399999997378
0.015093300000003751
0.014584600000006276
0.011685599999992746
0.011713000000000306
0.01174670000000333
0.013606400000000463
0.010756499999999392
0.011336199999988139
0.011859900000004586
0.011889800000005835
0.012016500000001429
0.010775899999998728
0.014722800000001257
0.011999099999997043
0.016200900000001184
0.011689699999990921
0.011257799999995655
0.011742900000001555
0.014331499999997277
0.012795600000004015
0.011196700000013493
0.011562299999994252
0.014040499999993017
0.013663499999992723
0.012299400000003402
0.012302599999998165
0.010711100000008855
0.011367599999999811
0.011782100000004903
0.011842000000001462
0.01108530000000485
