0.028594999999995707
0.032897300000001906
0.03253920000000221
0.034407999999999106
0.03216460000000154
0.032715300000006664
0.03161930000000268
0.039520300000006614
0.03386290000000258
0.033833600000008346
0.02942969999999434
0.02903069999999275
0.03093899999998939
0.03436549999999272
0.03584139999999536
0.03424369999999044
0.03519090000000347
0.03392189999999573
0.04338319999999385
0.027903299999991305
0.03490879999999663
0.02984669999999312
0.035178700000003005
0.039723199999997405
0.03791379999999833
0.030421799999999166
0.033641200000005256
0.03962199999999427
0.05474439999998992
0.06017250000000729
0.03599669999999833
0.043479399999995394
0.031314299999991135
0.03043260000001169
0.03140399999999488
0.028132700000000455
0.03032950000000767
0.03481589999999812
0.03132689999999627
0.03121720000000039
0.03458100000000286
0.03522710000000018
0.03210740000000101
0.02972599999999659
0.037028699999993364
0.047119800000004375
0.03535260000001017
0.028139199999998254
0.030065700000008633
0.03377869999999916
0.028461899999996376
0.0343244000000027
0.02602799999999661
0.034529700000007324
0.03302099999999086
0.02984240000000682
0.030597400000004882
0.028145500000007928
0.030962300000012988
0.03305419999999515
0.02689169999999308
0.03282349999999212
0.03111269999999422
0.030029800000008322
0.031354700000008506
0.028152800000000866
0.03765769999999691
0.028634799999991856
0.03154870000000187
0.03129189999999937
0.03681690000000515
0.039634799999987536
0.031493999999995026
0.03811170000000175
0.029901100000003566
0.03257809999999495
0.03286740000000066
0.03182360000000983
0.03160309999999811
0.03657910000001152
0.028863900000004605
0.030488699999992264
0.03481560000000172
0.02854080000000181
0.03034649999999317
0.03054540000000827
0.028157100000001378
0.03890879999998731
0.04115950000000623
0.03299200000000724
0.027610899999999106
0.03271119999999428
0.03295620000000099
0.031831600000003846
0.03141859999999497
0.0313292999999959
0.031188899999989417
0.030467200000003913
0.034057399999994686
0.04197449999999492
