0.018311399999987543
0.0160878000000082
0.01509099999999819
0.018947099999991224
0.014125300000003449
0.016609399999993002
0.015017600000007292
0.0166499999999985
0.017149700000004486
0.013676799999998934
0.01778660000000798
0.014865200000002687
0.016707800000006046
0.018320200000005116
0.014762799999999743
0.016199000000000296
0.014779500000003054
0.018383499999998776
0.019469000000000847
0.016767600000008542
0.014206000000001495
0.018155700000008324
0.015410799999997948
0.01591799999999921
0.020930999999990263
0.018168400000007523
0.02006660000000693
0.019482299999992847
0.019211099999992598
0.021644199999997227
0.015667600000000448
0.018395100000006437
0.015749999999997044
0.01593609999999046
0.01612700000001155
0.014548399999995354
0.01682579999999234
0.014586099999988278
0.018034499999998843
0.018701100000001247
0.02152530000000752
0.013967899999997258
0.01510569999999234
0.015800299999995104
0.017618699999999876
0.013613900000009949
0.0161516000000006
0.015462099999993484
0.016105400000000714
0.015595700000005763
0.016217100000005757
0.024063700000013455
0.027213699999990126
0.023561899999990032
0.018782400000006305
0.015622100000001637
0.018116199999994365
0.01821209999999951
0.015631599999991863
0.0186455000000052
0.015775700000006054
0.013537999999996941
0.015451600000005783
0.01973890000000722
0.014147300000004748
0.020540500000009843
0.02033000000000129
0.01771540000000016
0.019450200000008522
0.01857490000000439
0.016945199999994998
0.02444439999999304
0.0183825000000013
0.017816799999991417
0.020957900000013296
0.01644880000000626
0.018179499999988025
0.01697010000000887
0.01835169999999664
0.019918500000002837
0.016002400000004968
0.015919900000000098
0.017348499999997102
0.01636669999999185
0.014700600000011832
0.01812789999999609
0.013180399999995984
0.014323000000004527
0.01899759999999162
0.018623099999999226
0.015533300000001304
0.018147900000002437
0.019559900000004404
0.020508399999997096
0.018624799999997776
0.017095499999996377
0.019502599999995596
0.014289800000000241
0.013784400000005803
0.017772000000007893
