0.024359899999993218
0.03307900000000075
0.029453199999991853
0.030516899999994962
0.02914260000000013
0.045061000000004015
0.031089100000002645
0.03727239999999199
0.03343559999999002
0.02996620000000405
0.028674100000003477
0.03328960000000336
0.025529000000005908
0.029583800000011706
0.03191929999999843
0.045622700000009786
0.03081579999999917
0.036082800000002635
0.03341590000000849
0.03335700000000941
0.03330629999999246
0.0335539999999952
0.03470199999999579
0.026332700000011755
0.031072100000002933
0.04042379999999923
0.02868410000000665
0.029616599999997106
0.11840650000000608
0.06301039999999603
0.0383544000000029
0.06009170000000097
0.024923999999998614
0.04637639999999976
0.03639919999999108
0.02963420000000383
0.02990009999999188
0.03140080000000012
0.03089570000000208
0.0481096999999977
0.0417917999999986
0.02962800000000243
0.030162199999992367
0.025078899999996906
0.04475070000000869
0.04007670000000019
0.02877360000000806
0.03134319999999491
0.038922800000008806
0.02876969999999801
0.028296799999992572
0.03229589999999405
0.026157200000000103
0.02981160000000216
0.027301299999990647
0.03485289999998997
0.02759659999999542
0.02959940000000927
0.026767599999999447
0.028987399999991226
0.027579899999992108
0.030507999999997537
0.03035069999999962
0.02934210000000803
0.03186399999999878
0.027568200000004595
0.034914800000009905
0.03641949999999383
0.029805499999994822
0.0322464999999994
0.029870000000002506
0.02637579999999673
0.033162599999997155
0.03259590000000401
0.027802500000007058
0.02406919999999957
0.0367683999999997
0.02904940000000522
0.033376200000006406
0.028400300000001266
0.025873999999987518
0.04082270000000676
0.043536799999998266
0.03435609999999656
0.0423316999999912
0.04218389999999772
0.02902930000000481
0.035454700000002504
0.03834270000000117
0.03396089999999674
0.03436039999999707
0.03748459999999909
0.031769699999998124
0.03584920000000125
0.025611699999998905
0.03068549999998993
0.03168119999999419
0.04369749999999328
0.028771599999998898
0.03272670000001199
