0.023331900000002292
0.02208110000000829
0.022089199999996367
0.025959799999995425
0.02060569999999018
0.028447499999998627
0.0284927999999951
0.029748800000007236
0.024859400000011078
0.028242099999999937
0.02793789999999774
0.02650549999999896
0.023811499999993657
0.024363499999992655
0.025014099999992823
0.026665500000007114
0.023545800000007944
0.021452600000003486
0.023042300000000182
0.019082500000010327
0.02395620000000065
0.020097800000002053
0.02176970000000722
0.023298400000001607
0.02023479999999722
0.024850499999999442
0.021071499999990806
0.020555200000003992
0.02506370000000402
0.022918599999997014
0.022964099999995824
0.02569149999999354
0.0317387999999994
0.022057500000002506
0.02803959999999961
0.024013699999997584
0.028780199999999923
0.039660200000000145
0.03644210000000214
0.03490200000000243
0.028706199999987803
0.026530399999998622
0.0223769000000118
0.02463849999999468
0.02836480000000563
0.03202299999999525
0.02093400000001111
0.02714310000000353
0.021488800000000197
0.022641699999994103
0.023400699999996277
0.023312200000006555
0.03259909999999877
0.022893999999993753
0.021849600000010128
0.026978300000010336
0.03057169999999587
0.028691899999998327
0.02809410000000412
0.021972099999999273
0.02069869999999696
0.024988999999990824
0.027803000000005795
0.021632800000006114
0.025557699999993133
0.025009299999993573
0.023092300000001842
0.023614300000005528
0.02142330000000925
0.024297599999997033
0.028585800000001882
0.03353679999999315
0.02397489999999891
0.03106129999999041
0.02532370000000128
0.02558919999999887
0.021937399999998775
0.02118940000001146
0.02179370000000347
0.02929319999999791
0.021975900000001047
0.023664499999995314
0.027858899999998243
0.02681679999999176
0.025554700000000707
0.022422000000005937
0.024706999999992263
0.01934930000000179
0.019258699999994633
0.018823900000001004
0.022767799999996896
0.020819399999993493
0.02526260000000491
0.023784599999999045
0.020697100000006685
0.02357169999999087
0.02073059999999316
0.025056800000001545
0.019953200000003335
0.021593600000002766
