0.037866399999984424
0.03489550000000463
0.03692140000001132
0.04262210000001687
0.03666690000000017
0.059679100000010976
0.04029599999998368
0.05121379999999931
0.04618720000001986
0.05572630000000345
0.058942000000001826
0.06245009999997819
0.03727349999999774
0.03825270000001524
0.05105520000000752
0.03915820000000281
0.04209460000001286
0.11408810000000358
0.05669659999998089
0.1155455000000245
0.06446930000001316
0.11656220000000417
0.045183399999984886
0.06578089999999293
0.04815959999999109
0.05212639999999169
0.05827850000000012
0.04731749999999124
0.032532500000002074
0.04317239999997469
0.03451019999999971
0.04199990000000753
0.04047799999997892
0.05636230000001774
0.04738270000001421
0.0519508000000144
0.05181500000000483
0.04123829999997497
0.05741199999999935
0.03214750000000777
0.04194620000001237
0.0363749999999925
0.04222120000000018
0.042834400000003825
0.04202620000000934
0.036533199999979615
0.036096399999991036
0.04450749999998038
0.038634000000001834
0.05977240000001416
0.03582270000001131
0.051935599999978876
0.03346700000000169
0.03900939999999764
0.03152660000000651
0.03407980000000066
0.04425480000000448
0.04230559999999173
0.03936459999999897
0.04304339999998774
0.03190609999998628
0.037078199999996286
0.037969299999986106
0.030480199999999513
0.03399870000001215
0.038442700000018704
0.040770799999990004
0.03640059999997902
0.05504579999998782
0.06074780000000146
0.04273160000002463
0.039840400000002774
0.04644220000000132
0.026896899999997004
0.04666990000001192
0.03340339999999742
0.043504600000005667
0.05649149999999281
0.046919200000019146
0.04020810000000097
0.03961590000000115
0.04671390000001452
0.03976289999999949
0.04239640000000122
0.04006780000000276
0.042988699999995106
0.04316880000001788
0.037496599999997215
0.03527359999998225
0.040628400000002785
0.034163599999999406
0.03796800000000644
0.051050900000007005
0.03887799999998265
0.044003500000002305
0.04557790000001205
0.04476809999999887
0.055201000000010936
0.05896560000002182
0.0426195000000007
