0.050744999999977836
0.04593619999999987
0.045345200000014074
0.04767459999999346
0.05473589999999717
0.049370699999997214
0.05905940000002374
0.05963989999997921
0.0502290999999957
0.043413000000015245
0.11174850000000447
0.04767530000000875
0.056544400000007045
0.04709220000000869
0.04943040000000565
0.05558840000000487
0.11625240000000758
0.11615560000001324
0.11805470000001606
0.050700599999998985
0.11129930000001309
0.05361890000000358
0.049521600000019816
0.05090609999999174
0.056456300000007786
0.06214399999998932
0.11430830000000469
0.11283509999998387
0.11518369999998868
0.11202820000002589
0.1145826999999997
0.05733259999999518
0.11796110000000226
0.1417916000000048
0.11920140000000856
0.11335149999999317
0.051882599999999
0.04248909999998318
0.11340809999998669
0.11524179999997841
0.04497860000000742
0.0466551000000095
0.11253220000000397
0.04489300000000185
0.05183990000000449
0.11170810000001552
0.1161156999999946
0.05523699999997689
0.11299660000000245
0.04538890000000606
0.04756580000000099
0.05501359999999522
0.05365240000000426
0.06216740000002119
0.11367879999997399
0.054895600000008926
0.05105059999999639
0.05784900000000448
0.11377310000000307
0.05341290000001209
0.056291299999998046
0.03497740000000249
0.05166020000001481
0.05092769999998836
0.05703130000000556
0.05264389999999253
0.05079090000000974
0.04945709999998371
0.05619139999998879
0.1161653000000058
0.0538450000000239
0.0532036999999832
0.047987400000010894
0.05171989999999482
0.13091380000000186
0.11426259999998933
0.057754200000005085
0.11435329999997634
0.11533620000000155
0.048689800000005334
0.11620099999998956
0.05118720000001531
0.0489503999999954
0.0518724000000077
0.05404960000001324
0.057746800000018084
0.059256999999973914
0.05037190000001601
0.051959299999992936
0.05314229999999043
0.04279809999999884
0.05350849999999241
0.05637199999998188
0.0627712999999801
0.05505569999999693
0.054848399999997355
0.05871439999998529
0.06389429999998697
0.04788849999999911
0.04929200000000833
