0.05221969999999487
0.04732789999999909
0.04121599999999148
0.04516200000000481
0.03624030000000289
0.04503099999999449
0.03585219999999367
0.04602310000001353
0.04881969999999569
0.045917900000006284
0.11341619999998898
0.040909200000015744
0.049419000000000324
0.04294870000001083
0.043665300000014895
0.06207170000001838
0.04852919999999017
0.04698209999997971
0.05103149999999346
0.12285750000000917
0.11487689999998452
0.11240790000002221
0.035389799999990146
0.04601299999998787
0.040607800000003635
0.03614630000001284
0.04242310000000771
0.04112470000001167
0.04093230000000858
0.044001500000007354
0.0420753000000218
0.04504019999998832
0.05181439999998361
0.036014700000009725
0.058418999999986454
0.03824689999999009
0.042996899999991456
0.040184600000003456
0.03504179999998769
0.042060800000001564
0.04150479999998424
0.05325829999998177
0.050316300000019965
0.03915489999999977
0.04180070000001024
0.05366100000000529
0.04243700000000672
0.04195640000000367
0.04210159999999519
0.04844879999998852
0.04410000000001446
0.04223550000000387
0.039071399999983214
0.0425687000000039
0.05028210000000399
0.046191999999990685
0.04796580000001427
0.04509560000002466
0.04654490000001488
0.03490649999997686
0.039577699999995275
0.04212880000000041
0.03761059999999361
0.039689600000002656
0.04669169999999667
0.04576769999999897
0.049168699999995624
0.044263199999988956
0.04144939999997632
0.04128599999998528
0.03998599999999897
0.046326200000009976
0.03812220000000366
0.0443870000000004
0.062424100000015414
0.04226579999999558
0.043708899999984396
0.05354239999999777
0.0431370999999956
0.04298740000001544
0.03557290000000535
0.05699949999998921
0.041045199999985016
0.038204600000000255
0.04095140000001152
0.050594600000010814
0.04416100000000256
0.03524640000000545
0.03960950000001162
0.054370099999999866
0.042441700000011906
0.03786819999999125
0.04308709999997973
0.04113520000001358
0.03284340000001862
0.04214629999998465
0.03379509999999186
0.04895010000001321
0.060210200000000214
0.045396199999999
