0.03316389999997682
0.04408720000000699
0.04273759999998106
0.045470399999999245
0.04040319999998587
0.04291789999999196
0.03609980000001656
0.031838899999996784
0.03824379999997518
0.03969259999999508
0.034497500000014725
0.030687999999997828
0.041080700000009074
0.040396700000002284
0.04473250000000917
0.038094999999998436
0.043524600000012015
0.032780599999995275
0.036600699999979724
0.03877879999998868
0.04178949999999304
0.03412840000001438
0.03762699999998631
0.03426059999998188
0.05767689999998993
0.11825559999999768
0.05533249999999157
0.03711000000001263
0.04297280000000114
0.036948200000011866
0.03760620000002746
0.037980800000013915
0.044397900000006985
0.032936599999999316
0.033280900000022484
0.0466811000000007
0.034872199999995246
0.03749479999999039
0.041240399999992405
0.03737609999998881
0.032811699999996335
0.038600699999989274
0.03986679999999865
0.03394339999999829
0.026113199999997505
0.038610899999980575
0.04507979999999634
0.03488989999999603
0.033175899999974945
0.0471332999999845
0.029308999999983598
0.03972660000002293
0.03688729999998941
0.03526220000000535
0.0355732999999816
0.041849799999994275
0.04356509999999503
0.04175499999999488
0.04450680000002194
0.0297943999999859
0.028113599999983307
0.04256849999998735
0.03738339999998175
0.03347439999998869
0.03387610000001473
0.03035550000001308
0.055461199999996325
0.04142110000000798
0.04416120000001911
0.032856600000002345
0.0383572000000072
0.04601980000001049
0.029349099999990358
0.046477000000010094
0.04079390000001126
0.046369999999996026
0.04070369999999457
0.035299100000003136
0.053550500000000056
0.039726599999994505
0.03650360000000319
0.035105799999996634
0.035780799999997726
0.05521659999999429
0.038536599999986265
0.05986820000001103
0.04599379999999087
0.03640649999999823
0.05221030000001292
0.0403090000000077
0.04366170000000125
0.04141430000001378
0.04627119999997831
0.04818140000000426
0.03769169999998212
0.04176649999999427
0.04862249999999335
0.11173469999999952
0.03914000000000328
0.0368631999999991
