0.05283460000001128
0.04668409999999312
0.04461200000000076
0.041722100000015416
0.03921199999999203
0.042896000000013146
0.055362900000005766
0.04732649999999694
0.03926059999997733
0.05841630000000464
0.039942999999993845
0.047668200000003935
0.05067959999999516
0.05787849999998684
0.03917459999999551
0.04336660000001302
0.05633780000002275
0.04368099999999231
0.04022589999999582
0.043373700000017834
0.05250359999999432
0.1169541999999808
0.11319300000002386
0.05198559999999475
0.04883310000002439
0.05856130000000803
0.046015100000005305
0.044277599999986705
0.04769939999999906
0.11191350000001421
0.043663899999984324
0.04202050000000668
0.11110459999997602
0.1128428000000099
0.04098629999998593
0.04289839999998435
0.040103499999986525
0.06051809999999591
0.04729059999999663
0.05232699999999113
0.04212960000000976
0.049344199999978855
0.045018900000002304
0.058540800000002946
0.04946750000001998
0.04333610000000476
0.04750720000001252
0.04326860000000465
0.04562029999999595
0.055303200000025754
0.06149569999999471
0.04591309999997861
0.04134750000000054
0.0452838000000213
0.042170700000013994
0.055350799999985156
0.05262550000000488
0.04691029999997909
0.05924640000000636
0.04352160000001959
0.04526959999998326
0.049991400000010344
0.048363499999993564
0.05237779999998793
0.11294099999997798
0.04186769999998319
0.05033120000001645
0.04945810000000961
0.04733489999998142
0.058365000000009104
0.0524244000000067
0.05830100000000016
0.04699469999999906
0.0463619999999878
0.053009699999989834
0.04386289999999349
0.03439900000000762
0.050776299999995445
0.05454869999999801
0.04937169999999469
0.0435513000000185
0.04440660000000207
0.043650600000006534
0.043281699999994316
0.0483933999999806
0.05935320000000388
0.04716979999997761
0.048530499999998256
0.053896899999983816
0.04755159999999137
0.052861300000017764
0.05928760000000466
0.05215129999999135
0.06364479999999162
0.04978650000001039
0.04699329999999691
0.034533100000004424
0.04569820000000391
0.04150300000000584
0.0489221999999927
