0.036267000000009375
0.02619809999998779
0.017321499999980006
0.022508399999992434
0.021266400000001795
0.030889599999994743
0.02537339999997812
0.022025900000016918
0.019393899999982978
0.03649029999999698
0.02095829999998955
0.023503299999987348
0.02043670000000475
0.023603800000017827
0.0206929999999943
0.02351690000000417
0.02538839999999709
0.02088179999998374
0.017691299999995636
0.021442099999973152
0.026562200000000757
0.021137399999986428
0.01910430000000929
0.018122500000004038
0.019434499999988475
0.0257253999999989
0.021110700000008364
0.02133829999999648
0.022943199999986064
0.028621500000014066
0.022658500000005688
0.030326299999984485
0.018414499999977352
0.0237070000000017
0.02709229999999252
0.025674999999978354
0.024910699999992403
0.01982340000000704
0.0347449999999867
0.061109599999980446
0.027208900000005087
0.02556889999999612
0.04241830000000846
0.02256670000002714
0.023204300000003286
0.021671300000008387
0.021620600000005652
0.038166200000006256
0.020994400000006408
0.018695000000008122
0.024228800000003048
0.027117399999980307
0.024580499999984795
0.02714459999998553
0.021440200000000686
0.016918500000002723
0.02427880000001892
0.020905800000008412
0.023254800000017894
0.023447199999992563
0.019571200000001454
0.02960880000000543
0.022051500000003443
0.022400800000013987
0.02227320000000077
0.03415210000000002
0.023230299999994486
0.025928400000026386
0.021749499999998534
0.019248200000021143
0.029218200000002525
0.02473119999999085
0.020341900000005353
0.028734700000001112
0.022358100000019476
0.020918899999998075
0.021490700000015295
0.01900039999998171
0.026909399999993866
0.02230959999999982
0.027845100000007506
0.021375800000015488
0.02331939999999122
0.02261870000000954
0.030242399999991676
0.02581129999998666
0.02326850000000036
0.026820600000007744
0.020130600000015875
0.02383869999999888
0.027796800000004396
0.02423029999999926
0.0171376000000123
0.018671000000011873
0.030169800000010127
0.024298500000014656
0.030502900000016098
0.02790069999997513
0.03694910000001528
0.027019899999999097
