0.05206370000001925
0.07681909999999448
0.12949580000000083
0.11606670000000463
0.11322090000001594
0.06234240000000568
0.11308429999999703
0.14863459999997986
0.11631839999998306
0.11515570000000253
0.11431170000000179
0.11582859999998618
0.11146830000001273
0.11442069999998239
0.1163287999999909
0.1167178999999976
0.1120091999999886
0.05556440000000862
0.055770899999998846
0.11438129999999092
0.11556489999998121
0.12293350000001624
0.050020299999999907
0.05467669999998748
0.050846699999993916
0.06261279999998237
0.058866800000004105
0.055914100000023836
0.11324909999999022
0.11621679999998946
0.11199450000000866
0.04958809999999403
0.049904999999995425
0.04904619999999227
0.11283760000000598
0.06498099999998885
0.11629609999999957
0.11260260000000244
0.05638089999999352
0.11350720000001502
0.057754499999987274
0.055977399999989075
0.04754889999998113
0.049038499999994656
0.0579416000000208
0.05269960000001106
0.057922099999984766
0.047674400000005335
0.11401490000000081
0.05088910000000624
0.05346190000000206
0.11360240000001909
0.06285299999998983
0.11499349999999708
0.11408640000001924
0.11352969999998663
0.059297100000009095
0.11214789999999653
0.053076699999991206
0.11823269999999297
0.11230240000000435
0.11371819999999389
0.11580670000000737
0.060235299999988
0.11182879999998363
0.061818100000010645
0.11426250000002369
0.05307769999998868
0.053054599999995844
0.05647000000001867
0.11317549999998278
0.11149950000000786
0.05098320000001877
0.04356179999999199
0.04953439999999887
0.06457849999998189
0.11163289999998938
0.04897080000000642
0.05433610000000044
0.11111460000000761
0.05248019999999087
0.11074370000000044
0.05335149999999089
0.0534121999999968
0.06164950000001568
0.0522576999999842
0.11506210000001715
0.0465744999999913
0.11574910000001637
0.055283199999990984
0.11207089999999198
0.048148200000014185
0.05980880000001321
0.04892520000001355
0.05121550000001207
0.0577472999999884
0.11220090000000482
0.061889600000000655
0.05463939999998502
0.05188630000000671
