0.03762159999999426
0.04135740000000965
0.03141890000000558
0.034756000000015774
0.039071699999993825
0.03641550000000393
0.03418669999999224
0.026236400000016147
0.054893600000013976
0.032909999999986894
0.04284670000001256
0.048595799999986866
0.04481680000000665
0.03405179999998609
0.03740949999999543
0.02945399999998699
0.04644759999999337
0.029503900000008798
0.050708799999995335
0.025131200000004128
0.04058850000001257
0.03115059999998948
0.04368940000000521
0.046151899999983925
0.04805919999998309
0.061939899999998715
0.059236400000003187
0.11561530000000175
0.048306400000001304
0.048067100000025675
0.04491589999997814
0.03464909999999577
0.04420759999999291
0.032291799999995874
0.03746309999999653
0.03885479999999575
0.04319259999999758
0.03644439999999349
0.03835049999997864
0.03649349999997753
0.03116130000000794
0.04499440000000732
0.04727839999998196
0.037829100000010385
0.1154849999999783
0.03174039999998968
0.03506770000001325
0.028142000000002554
0.042207799999999907
0.04832039999999438
0.04683489999999324
0.039094300000016347
0.03192119999999932
0.04481169999999679
0.04125089999999432
0.035519999999991114
0.03855529999998453
0.04041929999999638
0.033223099999986516
0.027524999999997135
0.03133049999999571
0.03660739999997986
0.03745180000001369
0.04989109999999641
0.03752209999998968
0.04355219999999349
0.038923099999976785
0.02884090000000583
0.04936999999998193
0.04525920000000383
0.0325095000000033
0.03165599999999813
0.03284400000001142
0.04659270000001925
0.04293889999999578
0.025616799999994555
0.043624899999997524
0.029709800000006226
0.026816099999990684
0.041655399999996234
0.04616500000000201
0.03384980000001292
0.037762700000001814
0.040822800000000825
0.03755240000000981
0.03590160000001674
0.04473099999998453
0.040888300000005984
0.05954420000000482
0.044315999999980704
0.04125230000002489
0.039737000000002354
0.03651320000000169
0.047860600000007025
0.028752300000007835
0.038578699999987975
0.034322300000013684
0.04011380000000031
0.03424849999998969
0.0474523999999974
