0.061357899999990195
0.04264130000001387
0.039670699999987846
0.04076589999999669
0.03624310000000719
0.03925150000000599
0.0410944999999856
0.0557141000000172
0.029287600000003522
0.03891889999999876
0.056239800000014384
0.04656080000000884
0.04717139999999631
0.03720369999999207
0.03288359999999102
0.04794100000000867
0.11397430000002373
0.04095269999999118
0.04661140000001751
0.042584099999999125
0.0504438000000107
0.0641924999999901
0.056046600000001945
0.05391650000001391
0.05299010000001658
0.034765099999987115
0.05173089999999547
0.040155199999986735
0.042022700000018176
0.03449140000000739
0.04477320000000873
0.048802800000004254
0.03462909999998942
0.03964619999999286
0.05632280000000378
0.03751389999999333
0.05854750000000308
0.04489169999999376
0.05060090000000628
0.03463130000000092
0.04154850000000465
0.037402200000002495
0.047228300000000445
0.04127830000001609
0.05658160000001544
0.045895300000012185
0.047491600000000744
0.04152199999998629
0.03890620000001377
0.056490999999994074
0.05060770000000048
0.056594999999987294
0.04212459999999396
0.04671770000001629
0.04791249999999536
0.047570400000012114
0.11190739999997845
0.030471000000005688
0.04310119999999529
0.054205600000017284
0.05198060000000737
0.041293800000005376
0.0332260000000133
0.04504249999999388
0.04928520000001413
0.05541130000000294
0.03995649999998818
0.05880339999998796
0.035469199999994316
0.040678399999990233
0.033514099999990776
0.06075699999999529
0.037812400000007074
0.05155149999998798
0.11751480000000925
0.06306639999999675
0.051158700000002
0.04189450000001216
0.04693000000000325
0.05063780000000406
0.03946450000000823
0.045787100000012515
0.05775769999999625
0.04967289999999025
0.05904350000000136
0.05104679999999462
0.11734379999998623
0.04952660000000719
0.0599042000000054
0.0579275999999993
0.06228780000000711
0.05743169999999509
0.11407829999998853
0.0334425000000067
0.04708089999999743
0.042088299999988976
0.036889699999989034
0.056709400000016785
0.05080350000000067
0.03871419999998693
