HAND-WIN%-TOTALWINS-TOTALLOSS-TOTALDRAWS
['1414', 84.8, 7653, 1372, 0]
['1313', 82.36, 7543, 1616, 0]
['1212', 78.95, 7077, 1887, 0]
['1111', 76.01, 6990, 2206, 0]
['1010', 73.1, 6564, 2415, 0]
['0909', 70.59, 6434, 2680, 0]
['0808', 67.79, 6103, 2900, 0]
['1314s', 67.78, 4158, 1977, 0]
['1214s', 66.43, 3948, 1995, 0]
['1014s', 65.35, 3927, 2082, 0]
['1314', 65.27, 11889, 6327, 0]
['1114s', 65.02, 3958, 2129, 0]
['0707', 64.88, 6018, 3257, 0]
['1214', 64.18, 11605, 6476, 0]
['0914s', 63.83, 3876, 2196, 0]
['1114', 63.52, 11532, 6622, 0]
['1213s', 63.33, 3948, 2286, 0]
['1113s', 63.01, 3842, 2255, 0]
['1014', 62.8, 11371, 6735, 0]
['0814s', 62.51, 3813, 2287, 0]
['0606', 61.78, 5616, 3475, 0]
['1013s', 61.35, 3763, 2371, 0]
['0914', 61.09, 10948, 6972, 0]
['1113', 60.99, 11024, 7052, 0]
['1112s', 60.94, 3656, 2343, 0]
['1213', 60.83, 11000, 7084, 0]
['0614s', 60.71, 3609, 2336, 0]
['0714s', 60.66, 3620, 2348, 0]
['0814', 60.16, 10900, 7217, 0]
['0514s', 59.78, 3514, 2364, 0]
['1013', 59.52, 10770, 7325, 0]
['0913s', 59.15, 3515, 2428, 0]
['0505', 59.09, 5336, 3694, 0]
['0414s', 59.08, 3562, 2467, 0]
['0714', 59.07, 10621, 7358, 0]
['1012s', 58.81, 3594, 2517, 0]
['1112', 58.37, 10608, 7565, 0]
['0314s', 58.26, 3550, 2543, 0]
['0514', 58.13, 10593, 7629, 0]
['0913', 58.09, 10549, 7611, 0]
['0813s', 58.07, 3486, 2517, 0]
['1011s', 58.0, 3516, 2546, 0]
['0912s', 57.8, 3502, 2557, 0]
['0614', 57.77, 10356, 7571, 0]
['1012', 57.42, 10503, 7787, 0]
['0713s', 57.35, 3394, 2524, 0]
['0414', 57.06, 10298, 7750, 0]
['0314', 56.89, 10321, 7820, 0]
['0404', 56.67, 5045, 3857, 0]
['0214s', 56.47, 3416, 2633, 0]
['0812s', 56.11, 3335, 2609, 0]
['0813', 56.11, 10133, 7926, 0]
['0613s', 56.0, 3381, 2657, 0]
['0911s', 55.99, 3435, 2700, 0]
['0912', 55.89, 10001, 7893, 0]
['0713', 55.68, 10121, 8055, 0]
['0413s', 55.59, 3299, 2635, 0]
['0513s', 55.23, 3308, 2681, 0]
['1011', 55.13, 9903, 8059, 0]
['0313s', 54.79, 3264, 2693, 0]
['0214', 54.71, 9944, 8232, 0]
['0512s', 54.64, 3313, 2750, 0]
['0612s', 54.49, 3297, 2754, 0]
['0613', 54.21, 9847, 8318, 0]
['0911', 53.74, 9753, 8394, 0]
['0712s', 53.69, 3250, 2803, 0]
['0811s', 53.65, 3200, 2765, 0]
['0812', 53.44, 9691, 8444, 0]
['0910s', 53.16, 3243, 2858, 0]
['0513', 52.98, 9456, 8392, 0]
['0213s', 52.92, 3196, 2843, 0]
['0810s', 52.58, 3109, 2804, 0]
['0303', 52.5, 4699, 4252, 0]
['0413', 52.23, 9379, 8578, 0]
['0412s', 52.21, 3133, 2868, 0]
['0711s', 51.98, 3169, 2927, 0]
['0811', 51.93, 9408, 8710, 0]
['0712', 51.92, 9356, 8663, 0]
['0910', 51.23, 9349, 8900, 0]
['0710s', 51.08, 3066, 2936, 0]
['0313', 50.95, 9237, 8893, 0]
['0612', 50.94, 9364, 9019, 0]
['0312s', 50.91, 3016, 2908, 0]
['0213', 50.7, 9132, 8880, 0]
['0512', 50.65, 9218, 8981, 0]
['0611s', 50.6, 2971, 2901, 0]
['0709s', 50.58, 3122, 3051, 0]
['0810', 50.38, 9277, 9138, 0]
['0809s', 50.0, 3039, 3039, 0]
['0511s', 49.71, 2955, 2989, 0]
['0711', 49.5, 8970, 9151, 0]
['0212s', 49.39, 3003, 3077, 0]
['0202', 49.28, 4424, 4554, 0]
['0610s', 49.1, 3031, 3142, 0]
['0412', 48.89, 8906, 9310, 0]
['0311s', 48.66, 2988, 3152, 0]
['0211s', 48.63, 2897, 3060, 0]
['0710', 48.61, 8873, 9382, 0]
['0708s', 48.31, 2945, 3151, 0]
['0312', 48.14, 8797, 9475, 0]
['0411s', 48.11, 2922, 3152, 0]
['0809', 48.1, 8755, 9446, 0]
['0611', 47.75, 8729, 9551, 0]
['0608s', 47.44, 2867, 3176, 0]
['0310s', 47.3, 2901, 3232, 0]
['0609s', 47.23, 2755, 3078, 0]
['0410s', 47.04, 2838, 3195, 0]
['0212', 46.93, 8630, 9759, 0]
['0511', 46.87, 8446, 9575, 0]
['0610', 46.47, 8410, 9687, 0]
['0411', 46.32, 8325, 9648, 0]
['0709', 46.22, 8370, 9738, 0]
['0210s', 46.17, 2815, 3282, 0]
['0510s', 45.75, 2769, 3283, 0]
['0509s', 45.65, 2780, 3310, 0]
['0607s', 45.52, 2702, 3234, 0]
['0708', 45.02, 8142, 9944, 0]
['0510', 44.89, 8095, 9937, 0]
['0609', 44.88, 8166, 10030, 0]
['0311', 44.83, 8101, 9969, 0]
['0211', 44.65, 7979, 9891, 0]
['0508s', 44.28, 2631, 3311, 0]
['0507s', 43.76, 2689, 3456, 0]
['0409s', 43.6, 2669, 3452, 0]
['0506s', 43.5, 2592, 3366, 0]
['0309s', 43.29, 2642, 3461, 0]
['0410', 43.0, 7644, 10132, 0]
['0509', 42.94, 7702, 10235, 0]
['0408s', 42.93, 2541, 3378, 0]
['0608', 42.87, 7716, 10282, 0]
['0209s', 42.53, 2544, 3438, 0]
['0607', 42.4, 7681, 10433, 0]
['0310', 42.14, 7582, 10409, 0]
['0407s', 41.97, 2584, 3573, 0]
['0210', 41.65, 7550, 10579, 0]
['0405s', 41.59, 2499, 3510, 0]
['0508', 40.99, 7410, 10667, 0]
['0308s', 40.68, 2443, 3563, 0]
['0506', 40.6, 7338, 10738, 0]
['0208s', 40.29, 2414, 3578, 0]
['0306s', 40.1, 2337, 3491, 0]
['0409', 40.06, 7315, 10946, 0]
['0507', 40.03, 7232, 10835, 0]
['0309', 39.85, 7253, 10947, 0]
['0406s', 39.77, 2405, 3642, 0]
['0305s', 39.71, 2373, 3603, 0]
['0408', 39.36, 7144, 11007, 0]
['0307s', 39.28, 2411, 3727, 0]
['0209', 39.06, 7063, 11020, 0]
['0207s', 38.68, 2325, 3686, 0]
['0407', 38.52, 6949, 11092, 0]
['0405', 38.42, 6932, 11112, 0]
['0406', 38.3, 6928, 11159, 0]
['0304s', 38.24, 2326, 3757, 0]
['0206s', 38.06, 2301, 3744, 0]
['0308', 37.46, 6706, 11194, 0]
['0204s', 37.44, 2261, 3778, 0]
['0208', 36.99, 6724, 11454, 0]
['0205s', 36.85, 2227, 3816, 0]
['0307', 36.76, 6722, 11564, 0]
['0305', 36.41, 6571, 11478, 0]
['0306', 36.11, 6563, 11612, 0]
['0203s', 35.72, 2146, 3862, 0]
['0304', 34.83, 6253, 11701, 0]
['0205', 34.66, 6223, 11730, 0]
['0207', 34.24, 6207, 11923, 0]
['0206', 34.19, 6201, 11936, 0]
['0204', 33.26, 5948, 11938, 0]
['0203', 32.68, 5949, 12255, 0]
