
341
561
645
1105
1387
1729
1905
2047
2465
2701
2821
3277
4033
4369
4371
4681
5461
6601
7957
8321
8481
8911
10261
10585
11305
12801
13741
13747
13981
14491
15709
15841
16705
18705
18721
19951
23001
23377
25761
29341
30121
30889
31417
31609
31621
33153
34945
35333
39865
41041
41665
42799
46657
49141
49981
52633
55245
57421
60701
60787
62745
63973
65077
65281
68101
72885
74665
75361
80581
83333
83665
85489
87249
88357
88561
90751
91001
93961
101101
104653
107185
113201
115921
126217
129889
129921
137149
150851
154101
157641
158369
162193
162401
164737
172081
176149
181901
188057
188461
194221
196021
196093
204001
206601
208465
212421
215265
215749
219781
220729
223345
226801
228241
233017
241001
249841
252601
253241