HAND-WIN%-TOTALWINS-TOTALLOSS-TOTALDRAWS
['1414', 84.16, 7627, 1436, 0]
['1313', 81.34, 7414, 1701, 0]
['1212', 79.32, 7208, 1879, 0]
['1111', 76.27, 6964, 2167, 0]
['1010', 73.55, 6645, 2390, 0]
['0909', 70.83, 6415, 2642, 0]
['0808', 67.66, 6046, 2890, 0]
['1314s', 66.97, 4018, 1982, 0]
['1214s', 66.18, 3999, 2044, 0]
['1114s', 65.77, 4068, 2117, 0]
['1314', 65.01, 11917, 6413, 0]
['0707', 64.98, 5965, 3215, 0]
['1214', 64.45, 11674, 6438, 0]
['1114', 64.08, 11605, 6506, 0]
['1213s', 63.83, 3904, 2212, 0]
['1014s', 63.8, 3925, 2227, 0]
['1014', 62.99, 11375, 6684, 0]
['0914s', 62.77, 3767, 2234, 0]
['1013s', 62.69, 3811, 2268, 0]
['0814s', 62.16, 3801, 2314, 0]
['1113s', 61.82, 3664, 2263, 0]
['0606', 61.71, 5444, 3378, 0]
['1213', 61.66, 11120, 6913, 0]
['0914', 61.16, 10989, 6980, 0]
['1112s', 60.54, 3700, 2412, 0]
['0714s', 60.52, 3541, 2310, 0]
['0514s', 60.1, 3643, 2419, 0]
['0814', 60.01, 10890, 7258, 0]
['1013', 59.99, 10929, 7289, 0]
['1113', 59.99, 10861, 7245, 0]
['0314s', 59.97, 3674, 2452, 0]
['0913s', 59.89, 3626, 2428, 0]
['1012s', 59.79, 3633, 2443, 0]
['0505', 59.5, 5535, 3768, 0]
['0813s', 59.08, 3528, 2444, 0]
['0414s', 58.86, 3534, 2470, 0]
['0614s', 58.84, 3516, 2460, 0]
['0714', 58.75, 10661, 7486, 0]
['0713s', 58.66, 3524, 2483, 0]
['0214s', 58.52, 3476, 2464, 0]
['0913', 58.41, 10665, 7595, 0]
['1112', 58.35, 10603, 7568, 0]
['0514', 57.89, 10389, 7556, 0]
['0614', 57.89, 10401, 7567, 0]
['0912s', 57.87, 3536, 2574, 0]
['1012', 57.8, 10382, 7579, 0]
['1011s', 57.7, 3489, 2558, 0]
['0404', 56.91, 5240, 3968, 0]
['0813', 56.85, 10223, 7758, 0]
['0414', 56.25, 10227, 7954, 0]
['0812s', 56.2, 3407, 2655, 0]
['0314', 56.16, 10051, 7846, 0]
['0513s', 55.87, 3321, 2623, 0]
['0613s', 55.75, 3412, 2708, 0]
['0214', 55.65, 9939, 7922, 0]
['0911s', 55.62, 3306, 2638, 0]
['1011', 55.32, 9987, 8066, 0]
['0713', 55.25, 10017, 8113, 0]
['0912', 55.16, 10039, 8160, 0]
['0712s', 55.08, 3420, 2789, 0]
['0313s', 54.69, 3310, 2742, 0]
['0413s', 54.64, 3329, 2764, 0]
['0811s', 54.02, 3188, 2714, 0]
['0612s', 53.99, 3189, 2718, 0]
['0910s', 53.86, 3255, 2788, 0]
['0512s', 53.83, 3300, 2830, 0]
['0613', 53.83, 9666, 8291, 0]
['0812', 53.21, 9554, 8401, 0]
['0513', 53.2, 9721, 8550, 0]
['0213s', 53.17, 3146, 2771, 0]
['0911', 52.9, 9620, 8566, 0]
['0810s', 52.76, 3147, 2818, 0]
['0413', 52.75, 9513, 8522, 0]
['0303', 52.63, 4825, 4343, 0]
['0312s', 52.36, 3135, 2852, 0]
['0712', 52.1, 9407, 8649, 0]
['0412s', 51.82, 3112, 2893, 0]
['0711s', 51.56, 3094, 2907, 0]
['0910', 51.53, 9366, 8810, 0]
['0811', 51.35, 9281, 8792, 0]
['0511s', 51.22, 3136, 2987, 0]
['0710s', 51.01, 3148, 3023, 0]
['0612', 50.98, 9152, 8799, 0]
['0313', 50.95, 9238, 8893, 0]
['0212s', 50.58, 3126, 3054, 0]
['0809s', 50.25, 3117, 3086, 0]
['0213', 50.18, 9091, 9026, 0]
['0512', 50.15, 9045, 8991, 0]
['0611s', 50.13, 3046, 3030, 0]
['0709s', 49.97, 3043, 3047, 0]
['0810', 49.45, 8958, 9157, 0]
['0711', 49.28, 8983, 9244, 0]
['0412', 49.24, 9020, 9297, 0]
['0610s', 49.18, 2951, 3049, 0]
['0411s', 49.12, 2934, 3039, 0]
['0202', 49.02, 4479, 4659, 0]
['0311s', 48.63, 2933, 3098, 0]
['0312', 48.55, 8754, 9277, 0]
['0510s', 48.02, 2865, 3101, 0]
['0809', 47.96, 8640, 9376, 0]
['0611', 47.63, 8604, 9459, 0]
['0710', 47.62, 8519, 9371, 0]
['0609s', 47.16, 2862, 3207, 0]
['0212', 47.15, 8526, 9555, 0]
['0708s', 47.05, 2846, 3203, 0]
['0410s', 46.93, 2870, 3246, 0]
['0211s', 46.91, 2732, 3092, 0]
['0709', 46.74, 8461, 9643, 0]
['0511', 46.52, 8644, 9937, 0]
['0608s', 46.44, 2794, 3222, 0]
['0508s', 46.13, 2759, 3222, 0]
['0610', 46.09, 8388, 9810, 0]
['0411', 46.07, 8424, 9860, 0]
['0607s', 46.03, 2846, 3337, 0]
['0310s', 45.97, 2815, 3308, 0]
['0708', 45.74, 8306, 9852, 0]
['0509s', 45.54, 2777, 3321, 0]
['0311', 45.15, 8078, 9814, 0]
['0510', 45.07, 8165, 9951, 0]
['0210s', 44.6, 2663, 3308, 0]
['0609', 44.4, 7934, 9934, 0]
['0211', 44.2, 7941, 10024, 0]
['0409s', 44.1, 2675, 3391, 0]
['0410', 43.62, 7885, 10190, 0]
['0309s', 43.52, 2609, 3386, 0]
['0506s', 43.45, 2555, 3325, 0]
['0608', 43.09, 7762, 10253, 0]
['0507s', 43.02, 2555, 3384, 0]
['0310', 42.8, 7697, 10287, 0]
['0408s', 42.58, 2580, 3479, 0]
['0509', 42.45, 7673, 10402, 0]
['0210', 42.24, 7688, 10514, 0]
['0209s', 42.16, 2536, 3479, 0]
['0607', 41.92, 7577, 10498, 0]
['0405s', 41.7, 2552, 3568, 0]
['0508', 41.12, 7412, 10613, 0]
['0308s', 41.02, 2511, 3610, 0]
['0407s', 40.86, 2463, 3565, 0]
['0507', 40.63, 7340, 10724, 0]
['0309', 40.53, 7339, 10768, 0]
['0406s', 40.5, 2491, 3660, 0]
['0409', 40.5, 7256, 10658, 0]
['0307s', 40.27, 2422, 3592, 0]
['0209', 39.88, 7170, 10810, 0]
['0506', 39.82, 7323, 11068, 0]
['0305s', 39.71, 2387, 3624, 0]
['0408', 39.57, 7200, 10994, 0]
['0208s', 39.45, 2376, 3647, 0]
['0207s', 39.3, 2326, 3593, 0]
['0407', 38.89, 7020, 11033, 0]
['0306s', 38.75, 2343, 3704, 0]
['0304s', 38.5, 2276, 3635, 0]
['0205s', 38.35, 2301, 3699, 0]
['0406', 38.24, 6887, 11121, 0]
['0405', 38.03, 6895, 11235, 0]
['0308', 37.58, 6758, 11227, 0]
['0204s', 36.94, 2256, 3851, 0]
['0208', 36.84, 6741, 11555, 0]
['0305', 36.72, 6673, 11500, 0]
['0307', 36.72, 6509, 11218, 0]
['0206s', 36.6, 2224, 3852, 0]
['0306', 36.01, 6463, 11486, 0]
['0203s', 35.4, 2105, 3841, 0]
['0304', 35.33, 6426, 11760, 0]
['0205', 34.98, 6351, 11805, 0]
['0207', 33.94, 6155, 11981, 0]
['0206', 33.38, 6006, 11985, 0]
['0204', 32.57, 5879, 12171, 0]
['0203', 32.44, 5911, 12308, 0]
