HAND-WIN%-TOTALWINS-TOTALLOSS-TOTALDRAWS
['1414', 84.31, 7568, 1408, 0]
['1313', 81.35, 7470, 1713, 0]
['1212', 79.47, 7206, 1862, 0]
['1111', 76.11, 6870, 2157, 0]
['1010', 73.94, 6618, 2333, 0]
['0909', 71.39, 6514, 2610, 0]
['0808', 67.55, 6144, 2951, 0]
['1314s', 66.85, 3998, 1983, 0]
['1114s', 65.72, 3953, 2062, 0]
['1214s', 65.55, 3891, 2045, 0]
['1314', 65.28, 11837, 6296, 0]
['0707', 64.94, 5776, 3119, 0]
['1214', 64.71, 11504, 6273, 0]
['1014s', 64.02, 3868, 2174, 0]
['0914s', 63.87, 3903, 2208, 0]
['1213s', 63.72, 3823, 2177, 0]
['1114', 63.55, 11505, 6598, 0]
['1014', 63.0, 11372, 6678, 0]
['1013s', 62.59, 3780, 2259, 0]
['0606', 61.91, 5580, 3433, 0]
['0814s', 61.9, 3787, 2331, 0]
['1113s', 61.87, 3638, 2242, 0]
['0614s', 61.13, 3640, 2315, 0]
['0714s', 61.1, 3685, 2346, 0]
['1213', 60.96, 11066, 7088, 0]
['0914', 60.94, 10871, 6969, 0]
['1113', 60.68, 11023, 7143, 0]
['0814', 60.1, 11084, 7358, 0]
['0514s', 60.08, 3614, 2401, 0]
['0913s', 60.04, 3571, 2377, 0]
['1013', 59.82, 11002, 7391, 0]
['1112s', 59.55, 3570, 2425, 0]
['0414s', 59.28, 3673, 2523, 0]
['0505', 59.23, 5335, 3672, 0]
['1012s', 59.15, 3551, 2452, 0]
['0714', 58.99, 10675, 7421, 0]
['0813s', 58.87, 3510, 2452, 0]
['0514', 58.08, 10490, 7572, 0]
['0314s', 57.91, 3534, 2569, 0]
['0912s', 57.9, 3543, 2576, 0]
['0913', 57.76, 10362, 7578, 0]
['1112', 57.73, 10298, 7539, 0]
['0614', 57.43, 10458, 7753, 0]
['0713s', 57.43, 3418, 2534, 0]
['0214s', 57.17, 3472, 2601, 0]
['1011s', 57.15, 3512, 2633, 0]
['1012', 56.91, 10074, 7629, 0]
['0613s', 56.88, 3399, 2577, 0]
['0404', 56.84, 5152, 3912, 0]
['0812s', 56.82, 3326, 2528, 0]
['0414', 56.58, 10254, 7870, 0]
['0314', 56.37, 10029, 7763, 0]
['0911s', 56.01, 3357, 2637, 0]
['0513s', 55.78, 3415, 2707, 0]
['0813', 55.69, 10029, 7980, 0]
['0713', 55.59, 10081, 8055, 0]
['0313s', 55.58, 3433, 2744, 0]
['0912', 55.39, 10080, 8118, 0]
['1011', 55.2, 10023, 8133, 0]
['0214', 54.98, 9947, 8144, 0]
['0413s', 54.59, 3285, 2733, 0]
['0613', 54.58, 9823, 8175, 0]
['0712s', 54.53, 3275, 2731, 0]
['0811s', 54.1, 3262, 2768, 0]
['0213s', 54.09, 3243, 2753, 0]
['0612s', 53.67, 3173, 2739, 0]
['0412s', 53.52, 3192, 2772, 0]
['0812', 53.33, 9642, 8439, 0]
['0513', 53.32, 9652, 8450, 0]
['0910s', 53.29, 3223, 2825, 0]
['0303', 52.69, 4748, 4264, 0]
['0911', 52.65, 9633, 8665, 0]
['0810s', 52.49, 3161, 2861, 0]
['0413', 52.46, 9504, 8613, 0]
['0712', 52.28, 9388, 8568, 0]
['0512s', 52.22, 3185, 2914, 0]
['0811', 52.03, 9446, 8710, 0]
['0711s', 52.0, 3152, 2910, 0]
['0910', 51.65, 9342, 8744, 0]
['0313', 51.62, 9261, 8678, 0]
['0312s', 51.55, 3168, 2977, 0]
['0213', 51.33, 9295, 8812, 0]
['0809s', 51.23, 3105, 2956, 0]
['0612', 50.92, 9127, 8796, 0]
['0202', 50.49, 4577, 4489, 0]
['0611s', 50.26, 3075, 3043, 0]
['0810', 49.98, 9090, 9096, 0]
['0710s', 49.92, 2978, 2987, 0]
['0711', 49.83, 9034, 9096, 0]
['0512', 49.69, 8859, 8969, 0]
['0511s', 49.68, 3068, 3107, 0]
['0411s', 49.44, 3028, 3096, 0]
['0311s', 49.19, 2913, 3009, 0]
['0709s', 49.17, 2931, 3030, 0]
['0212s', 49.14, 2968, 3072, 0]
['0412', 49.13, 8941, 9257, 0]
['0610s', 48.95, 2938, 3064, 0]
['0710', 48.29, 8701, 9319, 0]
['0312', 48.22, 8742, 9387, 0]
['0809', 48.05, 8782, 9496, 0]
['0511', 47.56, 8573, 9452, 0]
['0708s', 47.56, 2829, 3119, 0]
['0611', 47.49, 8669, 9585, 0]
['0212', 47.45, 8526, 9443, 0]
['0510s', 47.44, 2894, 3206, 0]
['0211s', 47.33, 2864, 3187, 0]
['0609s', 47.33, 2894, 3220, 0]
['0709', 46.42, 8399, 9694, 0]
['0610', 46.38, 8427, 9743, 0]
['0608s', 46.33, 2775, 3214, 0]
['0410s', 46.31, 2758, 3197, 0]
['0708', 46.11, 8387, 9804, 0]
['0509s', 46.02, 2709, 3177, 0]
['0411', 45.96, 8308, 9768, 0]
['0310s', 45.87, 2781, 3282, 0]
['0311', 45.25, 8242, 9971, 0]
['0508s', 45.12, 2781, 3382, 0]
['0210s', 44.88, 2726, 3348, 0]
['0609', 44.39, 8002, 10023, 0]
['0211', 44.13, 8018, 10150, 0]
['0607s', 44.08, 2716, 3446, 0]
['0410', 44.03, 8009, 10181, 0]
['0309s', 43.97, 2671, 3403, 0]
['0510', 43.96, 7919, 10094, 0]
['0409s', 43.71, 2556, 3291, 0]
['0507s', 43.14, 2601, 3428, 0]
['0509', 42.84, 7765, 10362, 0]
['0608', 42.72, 7784, 10437, 0]
['0310', 42.68, 7773, 10440, 0]
['0607', 42.04, 7745, 10679, 0]
['0506s', 42.0, 2546, 3516, 0]
['0408s', 41.99, 2540, 3509, 0]
['0210', 41.86, 7647, 10623, 0]
['0405s', 41.86, 2559, 3554, 0]
['0508', 41.59, 7481, 10506, 0]
['0209s', 41.5, 2482, 3499, 0]
['0208s', 41.43, 2484, 3511, 0]
['0308s', 41.38, 2525, 3577, 0]
['0307s', 40.86, 2433, 3522, 0]
['0407s', 40.77, 2521, 3662, 0]
['0406s', 40.69, 2461, 3587, 0]
['0507', 40.66, 7389, 10785, 0]
['0309', 40.31, 7328, 10851, 0]
['0409', 40.06, 7280, 10895, 0]
['0408', 39.98, 7234, 10860, 0]
['0506', 39.91, 7263, 10937, 0]
['0207s', 39.33, 2425, 3740, 0]
['0306s', 39.21, 2424, 3758, 0]
['0205s', 38.95, 2363, 3704, 0]
['0304s', 38.9, 2342, 3679, 0]
['0209', 38.66, 7011, 11126, 0]
['0305s', 38.51, 2350, 3752, 0]
['0406', 38.51, 6863, 10957, 0]
['0407', 38.3, 6915, 11139, 0]
['0405', 38.17, 6968, 11286, 0]
['0206s', 37.89, 2233, 3661, 0]
['0308', 37.45, 6837, 11419, 0]
['0208', 37.42, 6722, 11241, 0]
['0305', 37.19, 6699, 11314, 0]
['0204s', 37.11, 2228, 3775, 0]
['0307', 36.87, 6719, 11505, 0]
['0306', 36.77, 6543, 11253, 0]
['0203s', 35.97, 2144, 3816, 0]
['0304', 35.47, 6464, 11758, 0]
['0207', 34.35, 6225, 11895, 0]
['0205', 34.2, 6169, 11868, 0]
['0206', 33.69, 6187, 12180, 0]
['0204', 32.81, 5921, 12125, 0]
['0203', 32.68, 5903, 12162, 0]
