HAND-WIN%-TOTALWINS-TOTALLOSS-TOTALDRAWS
['1414', 83.95, 7538, 1441, 0]
['1313', 81.06, 7295, 1705, 0]
['1212', 78.56, 7004, 1911, 0]
['1111', 76.04, 6999, 2205, 0]
['1010', 74.47, 6877, 2357, 0]
['0909', 71.65, 6565, 2597, 0]
['0808', 67.78, 6066, 2884, 0]
['1314s', 66.18, 3995, 2042, 0]
['0707', 65.76, 5851, 3047, 0]
['1114s', 65.7, 4027, 2102, 0]
['1314', 65.24, 11815, 6294, 0]
['1214s', 64.78, 3893, 2117, 0]
['1214', 64.45, 11759, 6486, 0]
['1213s', 64.04, 3768, 2116, 0]
['1014s', 63.71, 3870, 2204, 0]
['1114', 63.32, 11607, 6723, 0]
['1013s', 62.87, 3813, 2252, 0]
['1014', 62.61, 11257, 6723, 0]
['0914s', 62.39, 3775, 2276, 0]
['0606', 62.23, 5623, 3413, 0]
['1113s', 61.69, 3758, 2334, 0]
['1213', 61.5, 11068, 6930, 0]
['0914', 61.33, 10998, 6935, 0]
['0814s', 61.32, 3730, 2353, 0]
['0714s', 61.16, 3673, 2333, 0]
['1112s', 60.69, 3664, 2373, 0]
['1113', 60.65, 10997, 7135, 0]
['0614s', 60.2, 3550, 2347, 0]
['0814', 60.2, 10792, 7135, 0]
['0913s', 59.9, 3577, 2395, 0]
['1013', 59.81, 10929, 7344, 0]
['0514s', 59.45, 3541, 2415, 0]
['0714', 59.44, 10821, 7383, 0]
['0813s', 59.41, 3578, 2445, 0]
['1012s', 58.79, 3590, 2517, 0]
['0505', 58.53, 5272, 3735, 0]
['0314s', 58.5, 3536, 2508, 0]
['1112', 58.45, 10539, 7491, 0]
['0414s', 58.32, 3529, 2522, 0]
['0913', 58.17, 10613, 7632, 0]
['0214s', 58.11, 3527, 2543, 0]
['0912s', 57.81, 3407, 2486, 0]
['0514', 57.78, 10430, 7622, 0]
['1012', 57.64, 10386, 7634, 0]
['0614', 57.61, 10497, 7725, 0]
['1011s', 57.48, 3411, 2523, 0]
['0911s', 57.09, 3470, 2608, 0]
['0613s', 57.03, 3415, 2573, 0]
['0713s', 57.02, 3360, 2533, 0]
['0813', 56.49, 10133, 7806, 0]
['0414', 56.48, 10214, 7870, 0]
['0314', 56.1, 10181, 7968, 0]
['1011', 55.99, 10153, 7981, 0]
['0404', 55.96, 4997, 3933, 0]
['0812s', 55.89, 3378, 2666, 0]
['0313s', 55.49, 3281, 2632, 0]
['0413s', 55.48, 3356, 2693, 0]
['0214', 55.39, 10014, 8066, 0]
['0713', 55.36, 9930, 8008, 0]
['0910s', 54.89, 3363, 2764, 0]
['0513s', 54.69, 3330, 2759, 0]
['0912', 54.48, 9975, 8333, 0]
['0613', 54.01, 9782, 8330, 0]
['0512s', 53.82, 3330, 2857, 0]
['0712s', 53.67, 3292, 2842, 0]
['0513', 53.63, 9669, 8361, 0]
['0812', 53.52, 9753, 8471, 0]
['0911', 53.51, 9716, 8441, 0]
['0303', 53.39, 4874, 4255, 0]
['0413', 53.36, 9602, 8394, 0]
['0612s', 53.32, 3169, 2774, 0]
['0811s', 52.88, 3156, 2812, 0]
['0213s', 52.6, 3151, 2839, 0]
['0810s', 52.4, 3171, 2880, 0]
['0611s', 52.07, 3161, 2910, 0]
['0711s', 52.05, 3237, 2982, 0]
['0412s', 51.93, 3116, 2884, 0]
['0712', 51.88, 9312, 8636, 0]
['0313', 51.83, 9423, 8759, 0]
['0910', 51.81, 9286, 8636, 0]
['0811', 51.24, 9352, 8898, 0]
['0312s', 51.15, 3073, 2935, 0]
['0809s', 51.11, 3027, 2896, 0]
['0612', 50.88, 9175, 8859, 0]
['0709s', 50.58, 3090, 3019, 0]
['0512', 50.5, 9158, 8977, 0]
['0710s', 50.37, 3028, 2984, 0]
['0511s', 50.34, 3034, 2993, 0]
['0213', 50.09, 9115, 9081, 0]
['0711', 49.81, 9006, 9075, 0]
['0212s', 49.78, 3010, 3037, 0]
['0412', 49.55, 8988, 9151, 0]
['0411s', 49.51, 2997, 3056, 0]
['0810', 49.47, 9018, 9211, 0]
['0202', 49.41, 4473, 4580, 0]
['0610s', 49.16, 2985, 3087, 0]
['0708s', 49.16, 2995, 3097, 0]
['0311s', 48.7, 2951, 3108, 0]
['0211s', 48.6, 2949, 3119, 0]
['0312', 48.23, 8752, 9394, 0]
['0611', 48.17, 8670, 9327, 0]
['0809', 48.1, 8680, 9364, 0]
['0510s', 47.64, 2938, 3229, 0]
['0710', 47.51, 8621, 9523, 0]
['0511', 47.09, 8388, 9425, 0]
['0609s', 46.92, 2829, 3201, 0]
['0212', 46.84, 8414, 9550, 0]
['0608s', 46.55, 2790, 3204, 0]
['0709', 46.49, 8463, 9742, 0]
['0610', 46.42, 8445, 9747, 0]
['0411', 46.17, 8395, 9786, 0]
['0410s', 45.99, 2756, 3237, 0]
['0509s', 45.9, 2740, 3230, 0]
['0310s', 45.62, 2795, 3332, 0]
['0311', 45.53, 8244, 9861, 0]
['0708', 45.08, 8097, 9865, 0]
['0607s', 44.95, 2719, 3330, 0]
['0409s', 44.57, 2643, 3287, 0]
['0609', 44.5, 8088, 10087, 0]
['0510', 44.18, 7865, 9937, 0]
['0508s', 44.1, 2658, 3369, 0]
['0211', 43.75, 7820, 10055, 0]
['0210s', 43.51, 2611, 3390, 0]
['0507s', 43.42, 2655, 3459, 0]
['0309s', 43.35, 2612, 3414, 0]
['0608', 43.28, 7804, 10229, 0]
['0408s', 43.14, 2616, 3448, 0]
['0410', 42.98, 7890, 10468, 0]
['0209s', 42.84, 2527, 3372, 0]
['0509', 42.48, 7689, 10412, 0]
['0508', 42.28, 7596, 10371, 0]
['0506s', 42.17, 2556, 3505, 0]
['0208s', 42.08, 2480, 3414, 0]
['0310', 41.99, 7550, 10429, 0]
['0607', 41.94, 7521, 10413, 0]
['0210', 41.87, 7632, 10597, 0]
['0407s', 41.46, 2506, 3538, 0]
['0405s', 41.31, 2478, 3520, 0]
['0406s', 41.25, 2514, 3581, 0]
['0409', 41.16, 7397, 10575, 0]
['0308s', 40.83, 2466, 3574, 0]
['0507', 40.58, 7373, 10795, 0]
['0307s', 40.18, 2456, 3657, 0]
['0408', 39.99, 7280, 10924, 0]
['0506', 39.9, 7251, 10923, 0]
['0306s', 39.88, 2425, 3655, 0]
['0305s', 39.67, 2394, 3641, 0]
['0309', 39.67, 7191, 10936, 0]
['0207s', 38.76, 2332, 3684, 0]
['0209', 38.75, 6992, 11051, 0]
['0205s', 38.58, 2330, 3709, 0]
['0206s', 38.5, 2398, 3830, 0]
['0407', 38.5, 7059, 11275, 0]
['0304s', 38.45, 2315, 3706, 0]
['0405', 38.17, 6881, 11148, 0]
['0406', 38.01, 6902, 11255, 0]
['0308', 37.11, 6619, 11215, 0]
['0307', 37.03, 6693, 11383, 0]
['0208', 36.98, 6736, 11480, 0]
['0306', 36.28, 6573, 11546, 0]
['0305', 36.21, 6643, 11705, 0]
['0204s', 36.1, 2209, 3910, 0]
['0203s', 35.73, 2183, 3926, 0]
['0304', 35.2, 6414, 11807, 0]
['0207', 34.6, 6202, 11724, 0]
['0205', 34.37, 6253, 11939, 0]
['0206', 34.01, 6086, 11810, 0]
['0204', 33.06, 6073, 12299, 0]
['0203', 32.44, 5843, 12167, 0]
