HAND-WIN%-TOTALWINS-TOTALLOSS-TOTALDRAWS
['1414', 85.05, 7791, 1370, 0]
['1313', 81.66, 7348, 1650, 0]
['1212', 78.97, 7192, 1915, 0]
['1111', 76.44, 7039, 2170, 0]
['1010', 73.73, 6784, 2417, 0]
['0909', 70.47, 6365, 2667, 0]
['0808', 69.22, 6144, 2732, 0]
['1314s', 67.51, 4065, 1956, 0]
['1214s', 66.0, 3907, 2013, 0]
['0707', 65.31, 5831, 3097, 0]
['1014s', 65.13, 3971, 2126, 0]
['1214', 65.01, 11660, 6277, 0]
['1114s', 64.82, 3863, 2097, 0]
['1314', 64.72, 11708, 6383, 0]
['1114', 63.84, 11490, 6509, 0]
['1213s', 63.15, 3770, 2200, 0]
['0914s', 62.76, 3795, 2252, 0]
['1113s', 62.63, 3797, 2266, 0]
['0606', 62.51, 5721, 3431, 0]
['0814s', 62.37, 3734, 2253, 0]
['1014', 61.91, 11344, 6978, 0]
['1213', 61.15, 11169, 7096, 0]
['0914', 60.88, 11166, 7175, 0]
['0913s', 60.69, 3636, 2355, 0]
['1013s', 60.56, 3595, 2341, 0]
['1113', 60.39, 10872, 7130, 0]
['0814', 60.17, 10707, 7089, 0]
['1112s', 60.14, 3711, 2460, 0]
['1012s', 59.96, 3569, 2383, 0]
['0714s', 59.87, 3607, 2418, 0]
['1013', 59.86, 10910, 7315, 0]
['0514s', 59.84, 3578, 2401, 0]
['0614s', 59.68, 3575, 2415, 0]
['0505', 59.26, 5381, 3700, 0]
['0414s', 58.94, 3529, 2458, 0]
['0714', 58.79, 10641, 7458, 0]
['0813s', 58.63, 3577, 2524, 0]
['0713s', 58.33, 3513, 2510, 0]
['1112', 58.17, 10527, 7569, 0]
['0314s', 58.14, 3395, 2444, 0]
['0912s', 57.96, 3512, 2547, 0]
['0913', 57.83, 10564, 7702, 0]
['0514', 57.82, 10506, 7664, 0]
['1011s', 57.73, 3452, 2528, 0]
['0614', 57.66, 10469, 7686, 0]
['1012', 57.18, 10422, 7804, 0]
['0414', 57.11, 10147, 7620, 0]
['0214s', 56.79, 3441, 2618, 0]
['0404', 56.24, 5199, 4045, 0]
['0813', 56.16, 10236, 7992, 0]
['0613s', 56.15, 3434, 2682, 0]
['0413s', 56.13, 3369, 2633, 0]
['0911s', 56.11, 3446, 2695, 0]
['0314', 55.87, 10167, 8032, 0]
['0513s', 55.56, 3463, 2770, 0]
['1011', 55.44, 10132, 8144, 0]
['0912', 55.43, 9938, 7991, 0]
['0713', 55.33, 10086, 8143, 0]
['0811s', 54.96, 3309, 2712, 0]
['0214', 54.94, 9909, 8126, 0]
['0613', 54.9, 9847, 8088, 0]
['0910s', 54.83, 3284, 2705, 0]
['0812s', 54.63, 3272, 2717, 0]
['0812', 54.18, 9832, 8316, 0]
['0313s', 53.96, 3319, 2832, 0]
['0712s', 53.93, 3246, 2773, 0]
['0513', 53.91, 9633, 8237, 0]
['0612s', 53.64, 3239, 2799, 0]
['0303', 53.5, 4782, 4156, 0]
['0213s', 53.16, 3219, 2836, 0]
['0911', 53.11, 9687, 8552, 0]
['0413', 52.86, 9646, 8603, 0]
['0412s', 52.73, 3190, 2860, 0]
['0711s', 52.62, 3138, 2825, 0]
['0512s', 52.43, 3131, 2841, 0]
['0910', 52.39, 9489, 8623, 0]
['0810s', 51.96, 3114, 2879, 0]
['0712', 51.86, 9547, 8861, 0]
['0313', 51.51, 9283, 8737, 0]
['0312s', 51.45, 3042, 2871, 0]
['0811', 51.28, 9210, 8751, 0]
['0612', 50.82, 9264, 8964, 0]
['0213', 50.7, 9201, 8946, 0]
['0809s', 50.53, 3101, 3036, 0]
['0710s', 50.35, 3044, 3002, 0]
['0610s', 50.26, 2999, 2968, 0]
['0511s', 50.16, 3020, 3001, 0]
['0512', 50.09, 9130, 9098, 0]
['0212s', 49.91, 2992, 3003, 0]
['0810', 49.65, 8900, 9025, 0]
['0611s', 49.55, 2969, 3023, 0]
['0709s', 49.27, 2973, 3061, 0]
['0202', 49.23, 4448, 4587, 0]
['0711', 49.18, 8927, 9225, 0]
['0411s', 49.08, 2920, 3029, 0]
['0611', 48.34, 8668, 9265, 0]
['0809', 48.33, 8722, 9326, 0]
['0708s', 48.25, 2948, 3162, 0]
['0710', 48.22, 8666, 9306, 0]
['0312', 48.19, 8720, 9375, 0]
['0412', 48.15, 8613, 9273, 0]
['0609s', 47.82, 2913, 3179, 0]
['0311s', 47.65, 2797, 3073, 0]
['0211s', 47.61, 2813, 3095, 0]
['0510s', 47.59, 2872, 3163, 0]
['0410s', 47.49, 2879, 3183, 0]
['0511', 47.34, 8664, 9636, 0]
['0212', 47.26, 8604, 9602, 0]
['0608s', 46.85, 2879, 3266, 0]
['0411', 46.76, 8577, 9767, 0]
['0610', 46.12, 8315, 9714, 0]
['0310s', 46.02, 2763, 3241, 0]
['0709', 45.95, 8173, 9614, 0]
['0509s', 45.53, 2778, 3324, 0]
['0607s', 45.29, 2732, 3300, 0]
['0311', 45.11, 8163, 9932, 0]
['0210s', 45.03, 2739, 3343, 0]
['0708', 45.03, 7984, 9745, 0]
['0609', 44.64, 8067, 10005, 0]
['0211', 44.34, 8097, 10166, 0]
['0508s', 43.83, 2669, 3421, 0]
['0506s', 43.81, 2659, 3411, 0]
['0510', 43.77, 7984, 10258, 0]
['0507s', 43.75, 2647, 3403, 0]
['0309s', 43.6, 2655, 3434, 0]
['0608', 43.53, 7902, 10253, 0]
['0410', 43.41, 7865, 10255, 0]
['0409s', 43.25, 2619, 3437, 0]
['0408s', 43.14, 2552, 3364, 0]
['0310', 42.8, 7696, 10286, 0]
['0509', 42.64, 7747, 10422, 0]
['0209s', 42.45, 2639, 3578, 0]
['0406s', 42.17, 2530, 3469, 0]
['0607', 41.85, 7601, 10561, 0]
['0508', 41.66, 7510, 10517, 0]
['0405s', 41.34, 2459, 3489, 0]
['0409', 41.18, 7436, 10622, 0]
['0407s', 41.08, 2459, 3527, 0]
['0210', 41.02, 7414, 10658, 0]
['0507', 40.88, 7438, 10757, 0]
['0308s', 40.4, 2406, 3550, 0]
['0305s', 40.32, 2394, 3544, 0]
['0208s', 40.17, 2439, 3633, 0]
['0309', 39.97, 7189, 10799, 0]
['0506', 39.86, 7231, 10909, 0]
['0306s', 39.71, 2339, 3551, 0]
['0307s', 39.69, 2379, 3615, 0]
['0408', 39.23, 7029, 10890, 0]
['0304s', 38.96, 2377, 3724, 0]
['0209', 38.77, 6981, 11024, 0]
['0407', 38.55, 6963, 11099, 0]
['0405', 38.28, 6988, 11266, 0]
['0406', 37.89, 6830, 11198, 0]
['0206s', 37.86, 2270, 3726, 0]
['0308', 37.74, 6899, 11379, 0]
['0205s', 37.69, 2303, 3807, 0]
['0207s', 37.64, 2244, 3717, 0]
['0208', 37.22, 6800, 11472, 0]
['0307', 36.99, 6693, 11400, 0]
['0204s', 36.43, 2207, 3851, 0]
['0305', 36.28, 6502, 11418, 0]
['0203s', 35.95, 2172, 3869, 0]
['0306', 35.93, 6481, 11556, 0]
['0304', 35.48, 6492, 11807, 0]
['0207', 34.59, 6349, 12004, 0]
['0205', 34.43, 6229, 11861, 0]
['0206', 33.78, 6087, 11932, 0]
['0204', 33.31, 5986, 11986, 0]
['0203', 32.46, 5898, 12272, 0]
